4
784 10 10 10 
0.200171 0.763329 0.827937 0.33433 0.327219 0.47383 0.173406 0.61095 0.325694 0.690786 
0.793603 0.212867 0.306467 0.867306 0.47206 0.859981 0.397656 0.256142 0.0389416 0.796808 
0.160863 0.786309 0.366008 0.932096 0.798303 0.566546 0.481033 0.620411 0.432173 0.172033 
0.332591 0.492965 0.237648 0.370769 0.236579 0.243416 0.710562 0.445265 0.535325 0.774834 
0.851161 0.766472 0.501144 0.614429 0.544908 0.775872 0.0151677 0.00210578 0.9223 0.0319529 
0.0528581 0.559069 0.977813 0.477462 0.507248 0.942534 0.230354 0.583453 0.381512 0.393353 
0.705802 0.526811 0.881924 0.582415 0.0229499 0.0569781 0.442213 0.661916 0.864498 0.208472 
0.21131 0.928007 0.613727 0.515458 0.0345164 0.00125126 0.438765 0.884274 0.46086 0.930784 
0.60506 0.780694 0.806269 0.128208 0.297861 0.887783 0.805506 0.53856 0.735649 0.8905 
0.882412 0.953001 0.855678 0.543931 0.571154 0.87109 0.353221 0.680563 0.118931 0.817591 
0.355632 0.313517 0.801294 0.52092 0.512162 0.491684 0.981964 0.859035 0.781243 0.0628071 
0.447981 0.979186 0.696188 0.00158696 0.0513627 0.497696 0.390851 0.457869 0.188696 0.186254 
0.168288 0.184569 0.148735 0.0520493 0.893502 0.485064 0.856301 0.203072 0.927333 0.387796 
0.102074 0.471103 0.150737 0.106253 0.603182 0.0350573 0.327251 0.510707 0.0788021 0.214665 
0.771739 0.959169 0.267705 0.5243 0.361259 0.473169 0.696976 0.181809 0.933838 0.405515 
0.241125 0.382841 0.279198 0.434922 0.506986 0.968453 0.17568 0.389841 0.894116 0.472586 
0.368389 0.580676 0.363079 0.907956 0.647481 0.655568 0.40376 0.984008 0.842555 0.747887 
0.252541 0.585864 0.0161138 0.018067 0.883572 0.924406 0.635762 0.263222 0.806696 0.267434 
0.00579852 0.746544 0.203253 0.657277 0.740165 0.904233 0.431227 0.520585 0.557268 0.0852687 
0.430494 0.577319 0.178747 0.980773 0.0599078 0.954436 0.61272 0.898892 0.897244 0.911313 
0.603107 0.542039 0.53325 0.0824 0.5262 0.441786 0.89111 0.644032 0.515946 0.708731 
0.602527 0.310801 0.0986053 0.252663 0.971831 0.568957 0.1189 0.129948 0.558794 0.0517289 
0.237922 0.174017 0.912595 0.464034 0.785089 0.565264 0.486587 0.96176 0.244301 0.49675 
0.266579 0.39259 0.156713 0.591754 0.142949 0.304727 0.720298 0.229591 0.558245 0.128849 
0.867977 0.435987 0.461379 0.440596 0.10593 0.49382 0.0997345 0.709037 0.892392 0.931211 
0.680563 0.438215 0.839015 0.0425123 0.432356 0.106876 0.515702 0.599139 0.0984527 0.813929 
0.14008 0.905423 0.392926 0.0345775 0.933378 0.857234 0.451125 0.394696 0.422773 0.158116 
0.805231 0.868496 0.473342 0.350505 0.916654 0.306467 0.328776 0.816919 0.796319 0.699911 
0.443709 0.408765 0.744011 0.0874355 0.388104 0.858058 0.738121 0.510941 0.605243 0.628498 
0.507065 0.926267 0.30427 0.362468 0.813623 0.475204 0.269143 0.579913 0.983337 0.0253609 
0.864437 0.785241 0.20838 0.383557 0.019776 0.639058 0.65804 0.0893582 0.47441 0.350108 
0.92703 0.195074 0.0621052 0.944761 0.852962 0.938169 0.31904 0.569048 0.234382 0.712607 
0.194663 0.480853 0.480099 0.245415 0.147291 0.886748 0.722221 0.383582 0.406565 0.282601 
0.421967 0.401561 0.681966 0.450636 0.00130021 0.225998 0.100984 0.769092 0.531313 0.501984 
0.661425 0.00730517 0.0176111 0.885069 0.989894 0.191847 0.249459 0.446293 0.465135 0.918594 
0.992647 0.791611 0.339503 0.275267 1.05884 0.225685 0.441389 0.243731 0.952588 0.491567 
0.518597 0.805242 0.629118 0.294829 1.09991 0.218395 -0.00607257 0.896987 0.184963 0.552518 
0.561086 0.834204 0.396304 0.505306 0.33388 0.422367 0.16172 0.0922879 0.367621 0.697416 
0.157736 0.445619 0.662799 0.878889 1.1902 0.323733 0.933376 0.908 0.494417 0.210155 
0.166304 0.527232 0.685483 0.126163 0.892522 0.730107 -0.0393437 0.104885 0.857675 0.471861 
0.909978 0.905494 1.00612 0.732222 1.2062 0.0232875 0.291178 0.544528 0.672402 1.22975 
0.909934 0.10698 0.851664 0.340589 0.979795 0.870446 0.865858 0.370152 0.745584 0.984979 
0.957787 0.77713 0.314448 -0.154055 0.526199 0.84219 0.35833 0.045196 0.844874 0.727061 
0.845513 0.689094 0.387959 -0.128701 0.829318 0.799133 0.633218 0.230964 0.140828 0.196187 
0.765313 -0.000635166 0.217849 1.05474 1.14941 0.660164 0.198591 -0.195797 0.207489 0.362307 
0.877387 0.00146726 0.671149 0.557548 0.354295 0.137236 0.521848 -0.00548082 0.380833 0.0113395 
0.696866 0.630454 0.655447 0.061489 0.474969 0.911173 0.722842 0.215703 0.24694 0.35761 
0.358404 0.338288 0.735137 0.575204 0.807178 0.232091 0.315574 0.384676 0.645427 0.204464 
0.0230392 0.772774 0.641316 0.260187 0.451497 0.83405 0.290355 0.526711 0.0122024 0.523417 
0.000448505 0.822355 0.151582 0.877258 0.889363 0.854017 0.752665 0.134178 0.419874 0.120574 
0.521309 0.578548 0.983126 0.289475 0.589616 0.222806 0.958347 0.769398 0.410791 0.197745 
0.55454 0.646528 0.302573 0.645741 0.86231 0.443186 0.629383 0.931907 0.950439 0.0709966 
0.82873 0.785516 0.948149 0.683065 0.344371 0.658101 0.636036 0.0089114 0.278146 0.882504 
0.606464 0.00473037 0.0558489 0.794916 0.509476 0.244209 0.88464 0.489395 0.416791 0.950102 
0.282144 0.354717 0.836634 0.0749229 0.459761 0.0503555 0.409986 0.336741 0.840022 0.0786157 
0.820063 0.616138 0.490524 0.608295 0.945647 0.621021 0.754875 0.70687 0.789911 0.225105 
0.862026 0.63686 0.215979 0.386425 0.795831 0.373272 0.0202033 0.0522477 0.205023 0.997589 
0.374798 0.956725 0.636036 0.125034 0.170476 0.71691 0.86877 0.0217292 0.291299 0.134404 
0.637667 0.5672 0.351988 0.108056 0.518255 0.717682 0.929167 0.0634117 0.262143 0.631234 
0.821754 0.30943 0.358309 0.103184 0.35005 0.216236 0.10111 0.469846 0.28326 0.657712 
0.978841 0.663439 0.34276 0.524338 0.559368 0.48247 0.863738 0.888478 0.824257 0.921086 
0.679459 0.561274 0.0883239 0.44757 0.649596 0.493491 0.310437 0.170214 0.986589 0.998996 
0.16578 0.796239 0.862703 0.0646188 0.579275 0.222175 0.255413 1.04721 0.751785 0.0629224 
0.829242 0.145332 0.566546 0.723924 1.30727 0.730141 0.359268 0.197261 0.806834 1.13686 
0.684323 0.566709 0.896772 1.00106 1.01559 0.292104 0.125553 0.784554 0.0809675 0.602199 
0.581536 1.03131 0.0785298 0.423343 1.18001 0.0425824 0.515925 0.602868 0.356884 1.14896 
1.39238 0.99262 0.296983 0.41245 1.17516 -0.0380804 -0.616109 0.55422 0.388699 1.44054 
1.125 0.638566 0.124923 0.564748 1.55818 0.160603 -0.894589 0.888956 0.000209943 1.84532 
0.651611 1.06813 0.454028 1.26006 1.67294 -0.460593 -1.16239 0.991461 -0.026204 1.57194 
0.648659 0.471431 -0.0135162 1.00924 1.2873 -0.448323 -1.63414 1.12778 0.389641 1.90364 
1.13611 0.559166 -0.0489537 0.722986 1.64542 0.558437 -0.539745 0.965591 0.206891 1.54749 
1.18581 -0.261366 1.00506 0.0201948 1.63358 0.158872 -0.529414 0.169171 0.736071 1.1299 
0.342158 -0.0236107 0.255962 1.57036 1.68486 -0.140765 -0.374117 0.512754 0.733288 1.63655 
1.12191 -0.00179179 0.397742 1.86267 1.40902 -0.301147 0.107953 0.504247 0.58763 1.29451 
0.996808 0.652649 0.228203 0.630167 1.4179 -0.144362 -0.111964 1.08909 0.660585 1.31725 
0.806396 0.934728 0.652312 0.816957 0.524739 -0.343658 0.720733 0.448432 0.614023 0.944638 
0.669905 1.3833 0.139067 0.0523178 0.646892 -0.176118 0.468181 0.327614 0.589307 0.842122 
0.278974 1.10887 0.961518 0.28298 1.51057 0.0402978 -0.182177 0.303383 0.310408 1.0157 
0.210023 1.17019 0.119933 0.931979 1.16173 0.388058 0.0687049 0.607576 0.421458 0.485778 
0.645535 0.242941 0.251917 0.472766 0.740367 0.801416 0.166177 0.273726 0.736935 0.857132 
0.952275 0.274261 0.0643647 0.12127 0.48567 0.204064 0.664254 0.803192 0.62532 0.49827 
0.526941 0.0264187 0.337371 0.168028 0.891464 0.148464 0.575971 0.642176 0.84399 0.0841284 
0.0670492 0.171941 0.911924 0.139073 0.784112 0.366894 0.0720542 0.0740379 0.781762 0.819849 
0.81521 0.220374 0.170507 0.305094 0.000457778 0.954344 0.460707 0.874325 0.225379 0.725974 
0.0741905 0.445906 0.682546 0.614307 0.303629 0.0526749 0.0414136 0.806604 0.499924 0.404096 
0.387158 0.907437 0.769707 0.919004 0.746879 0.484298 0.963713 0.885434 0.235389 0.755699 
0.233665 0.902756 0.357482 0.825873 0.96787 0.272166 0.454468 0.368437 0.297587 0.435402 
0.963755 0.24329 0.0909799 0.310941 0.256494 0.681399 0.608735 0.277749 0.944061 0.972539 
0.719629 0.966407 0.341113 0.746969 0.595089 0.747467 0.792744 0.470552 0.395562 0.457232 
0.02642 0.354139 0.356413 0.505897 0.645393 0.191857 0.732572 0.104428 0.0199168 0.937285 
0.67936 0.0824042 0.972856 0.503932 0.466218 0.497529 0.609577 0.191823 0.215924 0.368811 
0.860715 0.838562 0.157047 1.09668 1.2491 0.637702 0.612178 0.586094 0.21375 0.567593 
0.939599 1.06564 0.502046 1.07938 1.34915 -0.0032765 -0.347659 0.0943622 0.556519 1.44123 
0.74821 0.382223 0.552549 0.422134 1.93631 -0.93645 -0.340476 0.763832 0.687813 1.72189 
1.20508 -0.100235 0.342855 0.570561 2.77092 -1.1375 -0.755564 -0.0825834 0.669065 1.4027 
1.09786 0.038171 0.220538 1.60894 3.75121 -0.942809 -1.09909 0.580248 0.0798462 2.16992 
0.867484 0.232401 0.526023 0.852353 3.87026 -0.291423 -0.197757 0.078885 -0.175852 1.35689 
0.357855 -0.0806229 1.04313 0.996267 4.797 0.0946071 -0.623721 -0.513383 -0.861328 2.25034 
-0.830391 -0.171901 0.835819 0.710333 4.08496 0.145772 -0.123986 0.357142 -0.596984 1.563 
-1.7914 -0.203791 1.49425 -0.0684975 2.9455 -0.534614 -0.659045 -0.148443 0.804153 0.845233 
-1.53793 0.732804 0.865753 1.16211 3.28228 0.217569 -0.248642 0.0324196 0.131813 0.788445 
-1.00814 1.49838 0.575195 0.859906 3.2039 0.252841 -0.791668 1.34729 0.336739 1.52945 
-0.880616 1.41087 0.26515 1.041 2.30368 -0.915473 -0.382138 2.32685 0.307304 1.17309 
-0.337052 2.37285 0.363774 0.549675 1.37349 -1.24333 -0.631279 2.85329 -0.0495358 0.976177 
0.42529 1.92511 0.239186 0.408667 1.4312 -0.695274 0.0889271 1.60792 0.135081 1.43087 
0.548034 0.863825 -0.00840732 -0.0965835 0.867715 -0.384873 0.275722 1.81698 0.214281 1.18796 
0.434518 0.529151 0.486245 0.166511 0.815935 0.19066 0.398683 1.75988 0.461944 1.2397 
0.917692 0.731735 0.285133 -0.0974152 0.808858 0.596402 0.027132 0.760986 0.558585 0.497213 
1.07325 0.710183 0.0152488 0.862248 0.858713 0.264166 0.0451213 0.962562 0.138964 1.17091 
0.785933 0.310666 0.706595 0.420785 0.464101 0.869764 0.155132 0.0968468 0.801896 0.719047 
0.936771 0.33721 0.783233 0.339457 0.652768 0.301089 0.752659 0.192726 0.767595 0.978495 
0.522172 0.998383 0.0266121 0.506363 0.068453 0.793695 0.63683 0.790735 0.559771 0.218238 
0.872799 0.93878 0.393597 0.345653 0.215247 0.903134 0.027131 0.359416 0.948332 0.828272 
0.536856 0.998606 0.44645 0.313957 0.454564 0.178527 0.940629 0.243233 0.906942 0.688908 
0.029181 0.32229 0.616166 0.37124 0.82312 0.0584819 0.661577 0.684397 0.677597 0.0311328 
0.877857 0.274995 0.770992 0.974121 0.438111 0.659844 0.652433 0.120109 0.469138 0.665328 
0.930752 0.715064 0.581305 0.874662 0.557823 0.339345 1.04385 0.672587 0.342577 0.847685 
0.115895 0.498894 0.617586 0.659188 0.933219 0.487999 0.244877 0.13591 0.0781902 0.00951514 
0.36129 -0.0205667 0.367183 0.832343 1.24672 0.197899 0.95743 0.248141 0.30261 0.396775 
0.570483 -0.228259 0.487125 0.207022 1.65564 0.562133 0.935706 0.404795 -0.0589726 0.0645001 
0.649929 -1.43003 -0.312473 0.312039 1.90016 0.105408 0.567348 0.165965 0.0783794 0.269762 
0.1404 -1.35818 0.108163 1.00854 2.07836 -0.405359 0.917946 -0.430782 -0.222289 0.664617 
0.408491 -0.997895 0.427867 0.614859 1.73976 0.114425 0.481104 -0.817669 -0.293659 0.019524 
0.819675 -1.39967 0.692856 0.425234 1.729 0.263985 0.843281 -1.60337 0.36448 0.19385 
0.957207 -1.12882 1.06968 0.339698 1.15017 0.323187 0.541901 -0.680846 -0.367215 0.89043 
-0.1011 -0.756795 -0.309359 0.860345 1.77962 0.728432 0.746001 -0.951882 -0.803425 0.124249 
0.162243 -2.04585 0.228385 1.06783 1.38444 0.325367 -0.260601 -0.848487 0.765046 0.148263 
0.541812 -1.31117 1.00031 -0.0554334 0.440227 1.28743 1.01734 -0.294518 -0.17328 0.570055 
0.0684914 -0.597602 0.240448 1.00209 1.06077 0.495432 0.508853 0.044473 0.309947 0.421062 
-0.114554 0.355245 -0.105591 0.220323 0.866799 0.409852 0.809894 0.270322 0.132218 1.1204 
-0.611145 0.338983 0.695692 0.218273 1.53885 -0.0478254 0.773883 -0.328209 -0.483825 1.02166 
-0.972525 -0.458636 -0.483438 0.025985 0.711946 0.0448168 0.102176 0.49746 0.133546 -0.0045525 
-0.46011 0.0649106 -0.158379 0.577173 0.190457 0.44227 -1.19915 1.47714 0.705918 -0.449223 
0.211579 0.50648 0.47803 0.303176 0.465927 0.310597 -0.238354 1.24556 0.447048 -0.215511 
-0.479112 0.650595 0.817762 -0.258692 -0.0219643 0.320652 -0.1292 0.950832 0.233197 0.617207 
-0.02906 0.652126 0.154871 -0.321474 0.0580577 0.541575 -0.0257011 0.458871 -0.574487 0.618195 
1.12002 0.42704 0.454806 0.0281794 -0.192293 0.100894 1.4561 1.12622 -0.153686 0.208006 
1.05747 0.149104 0.815385 0.591402 0.511504 0.638725 1.01268 0.640682 0.451431 0.0560534 
1.01961 0.395119 0.988745 0.408518 0.0408115 0.321324 1.04682 0.512176 0.711081 0.554347 
0.503367 0.401642 0.314205 0.676051 0.0960048 0.414751 0.195892 0.314703 0.204555 0.467725 
0.954192 0.131596 0.984405 0.62389 0.552751 0.401349 0.918241 0.774834 0.697684 0.8081 
0.269265 0.720939 0.723106 0.556871 0.299753 0.543138 0.282968 0.494919 0.540757 0.930082 
0.964029 0.362656 0.57542 0.938319 0.668258 0.0331553 0.406779 0.072152 0.836292 0.247603 
0.853543 -0.0153729 0.693735 0.725555 0.22889 0.818818 0.780182 0.231662 0.0799433 0.532111 
-0.0630985 -0.578063 0.594996 0.311539 0.643003 0.671715 0.556748 0.0993382 0.847565 -0.113847 
0.0870205 -0.576424 0.430436 0.175313 1.63005 0.764206 1.14892 -0.0487458 0.550805 0.5456 
-0.0869418 -1.46102 0.405868 0.0287436 1.68235 0.144323 0.410636 -0.0733467 0.347605 0.700485 
0.224298 -1.26233 0.456904 -0.462158 1.42356 0.0158795 0.098542 -0.0855901 0.777492 0.465081 
0.356442 -1.10477 -0.621947 0.941885 0.351764 0.675168 0.754333 -0.678894 -0.211211 1.38769 
-0.0869811 -0.419334 -0.88623 0.235046 -1.01333 0.57385 0.902258 -1.2619 -0.0498115 0.95748 
0.119404 -0.836775 -0.942915 0.277296 0.674226 -0.186135 0.492144 -0.968801 -1.09402 -0.0287751 
1.19011 -0.334315 -0.258447 0.39984 -0.981438 0.184214 0.580216 -1.61478 0.441891 0.27915 
0.102164 -0.862155 -0.0302091 0.364311 1.10335 0.104962 -0.12906 -0.753438 -0.14283 0.423313 
0.477603 -0.226662 -0.236352 0.816463 0.195116 0.610651 1.24548 -1.75451 -0.498242 0.577797 
0.388544 -0.137024 0.61496 1.037 -0.0825511 -0.186846 0.806565 -0.262798 -0.134721 0.682216 
0.0465874 -1.28321 0.382976 0.644274 0.807007 0.806648 0.410395 -1.40597 -0.25392 0.32369 
-0.944812 0.375042 0.444581 0.820728 1.17079 -0.167717 0.865809 -1.05938 -0.445906 1.57571 
0.265811 0.391232 0.200073 0.51531 1.07769 -0.911817 1.33259 -1.234 -0.411755 2.12566 
-1.1832 -0.160504 0.430472 0.412264 0.493884 0.532905 0.332088 -1.14545 0.618552 0.574876 
0.147852 -0.342919 -0.0412296 -0.109089 -0.408293 0.220872 0.250202 0.57543 -0.163461 0.55782 
0.421081 0.424923 0.414805 0.208727 -1.08167 -0.33952 0.364042 -0.40113 -0.480309 0.504933 
-0.0187981 1.24612 0.703054 0.000167059 -0.554447 -0.433705 -0.237778 -0.0115809 -0.635798 -0.359531 
-0.349483 0.535879 0.890853 -0.375152 -0.0484916 0.227468 0.391626 0.727361 -0.264198 -0.615571 
-0.494099 1.71162 0.763343 -0.784231 -0.312322 -0.676175 0.940523 1.60844 -0.057002 -0.127874 
-0.0546919 0.841576 0.396438 -0.153454 0.0981054 0.384521 0.896721 0.773498 0.473716 0.688078 
1.26455 0.233853 0.371468 -0.431524 0.613335 -0.0547117 2.36305 0.479646 -0.12046 0.629241 
0.386839 -0.152192 0.936886 0.0315561 0.730626 -0.0037101 1.06422 0.765807 0.00017516 1.00251 
0.565081 0.765246 0.527433 0.171405 0.241475 0.91052 0.851989 0.965941 0.831025 0.174669 
0.27427 0.887326 0.674825 0.363659 0.849574 0.115055 0.507736 0.18543 0.815119 0.747826 
0.554327 0.6107 0.641246 0.567106 0.396525 0.626958 0.683743 0.050372 0.463443 0.821713 
-0.0664626 -0.107938 0.734373 0.344369 0.0840825 0.481777 0.961559 0.0577465 0.0758203 0.898587 
0.425759 0.129341 0.915116 0.711708 0.815303 1.2567 0.924098 0.0486078 0.614517 -0.00998174 
-0.0204538 -0.597615 0.0747607 -0.534388 1.0011 0.558161 1.20574 -0.217466 0.7271 0.24209 
-0.909602 -1.21975 0.282007 0.416098 0.325699 0.419755 0.563206 -0.549675 0.321937 0.924006 
-1.14073 -1.05863 0.233269 0.367351 0.378561 0.779453 0.622256 -0.215316 0.834354 0.152029 
-2.0309 -0.768305 -0.785577 0.882197 -0.646141 0.823283 -0.604892 0.244215 1.05816 -0.2972 
-1.16435 -2.07032 -1.58338 0.602836 -0.453643 0.803154 0.765162 -1.10651 0.921728 -0.0600528 
0.0806985 -0.344223 -1.78622 0.585687 0.182093 0.459495 0.482043 -0.207654 0.144411 0.351029 
-0.663714 0.26861 -0.507425 0.00911465 0.344361 0.602581 0.679406 -0.813366 -0.360893 0.039573 
0.448232 0.107382 -0.0361438 -0.0713213 0.772393 -0.321133 1.04964 -0.981635 0.293818 -0.96273 
2.0075 -0.970098 0.139028 -0.020026 0.951561 -0.9415 0.504724 -0.670187 0.048738 0.70333 
1.11335 -1.51275 -0.0357217 -0.393589 -0.0916863 1.37093 0.350969 -1.34529 -0.464618 -0.919801 
0.584748 -1.40739 0.0949402 0.430041 0.266558 0.784363 0.306035 -1.47771 -1.0568 0.601812 
0.896376 -1.29536 -0.0837546 0.768923 -0.265558 0.311115 0.575093 -1.63121 0.0454998 0.954502 
0.925633 -1.11167 0.266907 0.687588 0.321695 0.320126 0.774909 -0.923846 -0.0100793 0.538803 
1.21385 0.0372054 -0.114871 -1.08407 -0.942685 0.672952 0.367776 0.0984258 0.398875 -0.136022 
0.993973 -0.0401603 0.34614 0.695737 1.42389 0.866914 0.459623 -1.52256 -0.183088 0.214093 
1.41596 0.956325 1.12384 -0.109094 0.151602 0.283423 0.575239 0.486019 0.611241 0.888204 
0.858021 0.708203 1.00911 0.3569 0.446381 -0.843289 1.10976 -0.595909 -0.0660744 -0.211725 
-0.476348 -0.308844 0.0743752 -0.0387075 -0.177077 0.130227 0.517956 -0.484771 0.520557 -0.174083 
-0.430475 1.26817 0.421156 0.187858 -1.62895 -0.205639 0.800696 0.469785 0.0380691 -0.19215 
-0.429619 1.44069 1.2844 -2.01922 -0.289518 -1.05551 0.726714 2.37629 0.297099 1.06556 
-0.536555 1.81478 1.34067 -2.19983 0.774678 -0.821381 2.03593 1.74908 -1.0453 0.686699 
0.479435 0.518 0.409085 -0.838232 0.753815 0.0389702 2.30557 1.06944 -0.18528 0.160439 
0.130663 0.442214 0.774102 -0.285332 0.320648 0.437556 1.6352 0.672691 -0.222567 0.446976 
0.658366 0.514536 0.503086 0.00190085 0.971205 0.321284 0.47422 0.233175 0.151896 0.284141 
0.029777 0.974181 0.0942143 0.8776 0.568407 0.448972 0.201568 0.506816 0.142407 0.352084 
0.579548 0.159186 0.535601 0.0521153 0.633424 0.869352 0.794588 0.115831 0.660152 0.31302 
0.213115 0.457493 0.0224598 0.626948 0.484518 0.162544 1.08356 0.775609 0.668256 0.0385821 
0.228128 0.00822422 0.178508 -0.349387 0.245788 1.53958 0.713026 0.136748 0.871131 -0.422252 
-0.845863 -1.68142 0.0769881 -0.00160661 0.529693 1.21567 1.04364 -1.30987 1.16759 -0.523936 
-0.814324 -1.35694 -0.200672 -0.0848817 -0.215966 0.260177 0.178854 -1.579 1.07489 0.129205 
-1.39209 -0.421335 -0.160161 0.443265 -0.809959 0.198112 -0.267337 -1.62474 0.414308 -0.131839 
-1.55882 0.800823 -0.469287 -0.579696 -0.649928 0.158428 -0.365882 0.183115 -0.248739 0.132812 
-0.283193 0.248378 -0.436034 -0.488274 0.114666 -1.31883 1.0387 0.267425 0.429322 0.978719 
0.155372 0.5152 -1.05978 1.09459 -1.03113 -0.0506003 0.564772 -0.46366 -0.303727 0.267691 
0.580496 -0.171559 -0.873945 0.386114 -1.4038 0.541699 1.04469 -0.536237 -0.519748 0.20213 
0.161516 0.891052 0.668228 0.79303 -0.528326 -0.617809 0.702025 -0.668493 -0.297454 -0.124382 
1.19356 -0.383132 0.0200829 0.0637262 -0.480092 0.796171 0.395324 -1.17645 -0.879875 -0.202155 
2.21606 -0.746195 -0.440268 0.817427 0.314606 0.676792 0.165895 -0.465504 0.257649 -0.237429 
1.96682 -0.437377 0.160601 -0.267185 -0.145584 0.446359 0.368881 -0.459005 -1.4397 -1.65855 
2.18719 -1.03785 0.00547531 0.376791 -0.333092 0.142841 0.105568 -0.763977 -0.278564 -0.333638 
1.56976 -1.02947 0.101608 0.810692 -0.2289 0.77465 0.80806 -0.632854 0.481531 -1.34229 
0.793837 -0.204697 0.00267212 0.295742 -0.344955 0.466577 0.460049 -0.252728 -0.180926 -1.2117 
1.7585 1.30039 0.0795651 -0.516496 -1.04417 0.12284 0.23636 -0.781971 0.225378 -0.291958 
0.196301 0.700635 0.794634 -0.126126 -0.187886 0.420402 0.894901 0.188344 0.158096 -1.65627 
0.067051 0.140919 0.0992937 0.475845 -0.0967518 0.486886 1.02863 0.185524 -0.0517342 -0.66856 
0.366675 -0.14381 -0.386657 0.0239938 -0.955406 0.400214 0.58204 -0.331875 -0.284402 0.260242 
-0.781186 1.12176 0.234364 -0.124537 -1.19051 -0.954875 0.209503 0.433774 0.438413 0.131379 
-0.275011 2.13758 1.04676 -1.61705 -0.680967 -0.859321 1.49704 1.35338 -0.345856 1.21414 
0.422422 1.90543 1.06884 -2.97417 0.188115 -0.640903 2.73495 1.86467 -1.47937 1.11299 
-0.34001 0.902493 0.641636 -1.62913 0.322938 -0.419044 3.69287 1.52633 -1.62243 0.434715 
0.0705858 0.225915 0.693515 0.0772636 0.882062 0.313211 1.7324 0.514176 0.875057 0.296863 
0.761639 0.0842156 1.00576 -0.0806142 0.421876 0.100478 0.831755 0.997241 0.555032 0.703598 
0.261988 0.249298 0.730258 0.531169 0.144353 0.510575 0.405403 0.277243 0.780056 0.187382 
0.0703907 0.835906 0.89344 0.79997 0.668405 0.412749 0.45479 0.685133 -0.00463454 0.418193 
0.102193 0.47953 0.218521 0.231429 0.274844 0.577757 0.531001 0.773852 0.843449 -0.228704 
0.549808 -0.0552466 0.608152 -0.0193893 0.213093 1.6853 0.574338 -0.403024 0.507175 -0.521356 
-0.597525 -1.35643 -0.405444 -0.231229 0.618016 0.491544 -0.0340054 -0.826949 1.49604 0.0355775 
-0.692468 -1.28887 -0.234539 -0.293343 -0.385871 -0.427238 -0.568356 -0.784176 1.05231 0.0879514 
-0.110235 -0.629274 -0.10641 -1.08988 -0.222598 -0.0265657 -0.523909 -0.0952345 0.781644 -0.981363 
0.285306 0.0984215 -0.531666 -0.130172 0.289042 0.33103 -0.206383 -0.123944 1.75473 -0.842494 
0.504437 0.551302 -0.567998 0.687871 -1.69029 1.0029 0.55551 0.457004 1.02958 -0.400521 
-0.647672 -0.0163211 -0.426208 -0.347391 -0.605626 0.345791 -0.275992 0.478685 0.430844 -0.18006 
-0.723911 -0.00542628 -0.0104133 1.06327 0.789831 0.364165 1.38209 -0.931155 0.595608 -0.719314 
0.0535596 0.423603 -0.240042 1.46297 -0.796239 -0.350933 0.52853 -1.55366 0.129591 0.529644 
0.214759 -0.858698 0.804209 0.64467 -1.02826 1.19402 1.2482 -2.17661 0.091998 0.210622 
-0.0829417 -1.36366 0.335775 0.301447 0.19944 0.636986 0.412246 -1.86583 0.619635 -0.116047 
1.61114 -1.74776 -1.00888 0.734398 -0.970464 0.747 0.142363 -1.11977 -1.33373 -1.23567 
0.807187 -1.42464 -0.241293 0.739988 0.240697 -0.223648 -0.347376 -0.0434461 0.505296 -0.719772 
1.84292 0.887659 -0.573903 0.113584 -1.3045 1.96436 0.448165 -0.887538 -0.435631 -0.0191001 
-0.17733 0.773099 -0.0994001 0.0816493 0.0140197 0.992066 0.115923 -0.707942 -0.476742 -0.640856 
-0.0368044 0.0298865 0.189374 1.25547 -0.715535 0.214725 0.193481 -1.10028 0.939168 -0.614838 
0.418742 -0.095168 0.622586 0.300769 -0.644133 0.69127 0.853277 -1.18445 1.1397 0.412685 
-0.133425 0.862219 0.266019 -0.160188 -0.604353 0.707885 0.98655 -0.806908 -0.458214 -0.21768 
-0.385215 0.310284 0.869743 -0.0770304 -0.569136 -0.973252 0.957442 -0.801785 0.144868 -0.119656 
-1.09649 0.103291 -0.025653 -0.21196 0.764984 -0.768482 1.45813 -1.01088 0.370057 -0.605491 
-0.175813 2.28251 0.590314 -0.506761 -1.09607 0.0147166 1.84701 0.231795 -0.378529 1.4053 
0.277645 2.92123 1.14034 -2.54918 -0.852043 -1.02214 3.77095 1.66266 -1.85858 2.01658 
0.149269 1.01961 0.800469 -1.28937 0.38702 -1.15291 2.97354 1.79071 -0.938271 0.0748 
1.0281 -0.231938 0.749869 -0.0520271 0.305296 -0.448712 1.88085 0.93822 0.42546 0.906015 
0.81012 -0.0409766 0.41103 0.62226 0.907503 0.111292 0.450555 0.544925 0.208257 0.478471 
0.0725974 0.974915 0.993842 0.516737 0.652661 0.136963 0.555478 0.626303 0.17873 0.340823 
0.274407 0.197864 0.962905 0.935979 0.523685 0.169626 0.925965 0.621563 0.00675481 0.668983 
0.631706 0.499067 0.229622 0.641615 -0.384609 0.489267 0.267393 0.340982 0.27582 -0.180559 
0.00203217 -0.0895955 -0.258902 0.680714 -0.151789 1.7156 0.911416 -1.04076 0.06561 0.19721 
-0.266073 -0.937273 -0.00810526 0.386471 0.424201 0.296819 0.29592 -0.699419 1.06541 -0.617298 
-0.837914 0.565346 -0.00397326 0.981426 -0.534132 -0.513765 -0.649087 0.105964 0.846508 -0.0431707 
0.527065 0.400345 -0.223526 0.220329 -0.595958 0.165059 0.598876 -0.566391 0.27603 -0.554541 
-0.0179674 0.395591 0.0686511 1.29852 0.519148 -0.223596 0.0890636 0.135425 0.447526 -0.108788 
0.57499 -0.0816597 0.314725 0.0851759 0.385887 0.351125 1.2034 -0.0755555 0.376332 -0.248004 
0.698932 0.913876 -0.0588301 0.94968 -0.524096 -0.388372 0.734561 0.485855 1.63259 0.270735 
1.62871 1.19925 -0.178444 0.88494 -1.01674 0.370814 1.18584 0.644121 0.628473 0.477471 
1.01614 1.13759 0.284428 0.434221 -1.55383 -0.438072 0.845444 0.883301 0.802881 0.355371 
-0.620651 0.573659 -0.014532 0.172374 -0.450003 0.256418 0.116138 -1.6665 0.728818 0.276417 
0.317747 -0.848523 -0.302878 0.986572 -2.14734 0.515869 0.0684743 -1.8299 -0.340703 0.102356 
0.242357 -3.90966 -0.514847 0.699127 1.01543 1.98251 -1.2308 -2.3616 -1.58789 -1.10598 
0.368083 -3.36223 -1.45413 1.23106 0.349809 2.2388 -0.201275 -1.39093 -1.53255 -0.710899 
0.075572 0.451005 -1.81079 0.855442 -0.267872 1.71237 -0.588779 -1.0986 0.789601 -0.331144 
0.43809 -0.161008 -1.17153 -0.626843 -1.35068 1.03034 0.464015 -0.791559 1.66245 0.426571 
-0.641366 -0.148077 0.452578 1.02033 -0.885199 0.143585 1.60767 -1.09671 -0.0563373 0.421634 
-0.681005 0.595288 -1.02312 0.449997 -0.879654 1.15191 0.89183 -1.398 -0.0791486 0.98989 
0.14885 -0.167133 -0.393408 -0.0562207 0.120073 0.15609 0.610814 -0.578832 0.962618 0.373051 
0.0228271 -0.268495 1.77648 0.09429 -0.824012 0.0748752 0.442003 -0.904982 -0.236584 0.420997 
-0.0479933 -0.794133 0.489028 0.174654 0.0474745 -0.806865 1.0264 -0.90748 0.604637 0.617975 
0.175081 2.20471 1.01189 -0.531283 0.358726 -1.57709 1.95995 -0.00776048 -1.35001 1.64636 
-0.782113 3.04763 1.50766 -1.58258 0.435997 -2.21325 3.72576 1.36159 -3.26222 1.19401 
0.581932 1.05195 0.884246 -0.510521 0.181257 -1.53027 3.65267 0.689574 -2.3112 0.0761486 
0.35389 -0.122865 0.393715 -0.189664 0.044247 0.321141 1.55996 0.742312 -0.393535 1.0413 
0.792704 0.436918 0.380853 0.404685 0.39073 0.566861 0.458656 0.77612 0.607068 0.704917 
0.528505 0.224886 0.941937 0.757337 0.101836 0.949559 0.701233 0.3603 0.897622 0.28422 
0.608808 0.292797 0.913191 0.523647 0.331932 0.539184 0.198251 0.661978 0.428279 0.886761 
-0.259424 0.124059 0.79396 0.109877 -0.344345 1.14784 0.844082 -0.0353399 0.334474 0.380671 
-0.265203 0.340241 0.889839 0.189574 0.13728 1.78934 1.46914 -0.914769 -0.141654 -0.663505 
-0.768974 -0.270327 0.748268 -0.757747 -0.477498 0.584905 0.659519 0.207888 1.04716 -0.8364 
0.304796 1.10137 0.706447 0.437907 0.835616 0.633841 0.024482 -0.235773 0.590311 0.0724228 
0.260722 0.711369 0.433454 1.04452 0.756182 0.527102 1.06143 -0.691143 1.09403 0.452526 
0.305887 1.3457 1.44869 0.0643752 0.621322 -0.0553852 0.998844 0.660745 1.13634 0.135606 
0.404953 1.45792 0.96326 -0.103811 -0.754929 -0.00587522 1.18224 0.628947 0.177233 -0.225143 
1.17557 2.50627 1.20059 -0.346719 -0.75691 -0.565034 1.87164 0.763753 0.245422 0.818735 
0.708809 2.14167 1.02766 -0.519916 -1.18235 0.865579 0.299918 1.9739 0.723626 0.00154794 
1.27452 3.18205 1.88786 -0.437142 -0.253914 0.157953 0.0391017 1.21413 -1.09708 -0.0545011 
1.37888 3.20318 1.37594 -1.40524 -2.34993 -0.278392 -0.701252 1.01388 -0.0376772 -0.157402 
-0.953903 1.44004 1.57291 -1.14253 -2.08887 1.63623 -0.173273 -1.32238 -2.39582 0.35903 
-0.809729 -5.30561 1.23165 -1.21282 -0.184994 3.3639 -0.725984 -4.01283 -2.49701 0.481228 
-1.9363 -3.75967 -0.787459 0.579244 -1.1469 2.05386 -1.24186 -0.741335 1.07861 -0.779855 
-0.810214 -1.04459 -0.990951 1.35887 0.250815 1.49581 0.192878 -2.19289 1.31583 -0.671415 
-0.118137 1.22329 -1.27378 1.88702 -0.875746 1.14804 0.155149 -1.35291 1.49501 0.29476 
0.368542 -0.423074 -0.556098 0.869251 -0.439617 0.816246 -0.269437 -1.44875 1.47553 0.0488537 
0.0255642 -0.166642 -0.256332 0.736667 -0.835463 0.977488 0.699635 -0.535588 1.12785 0.352637 
-0.519435 0.734286 0.134448 -0.0217504 -0.729226 0.743337 0.972308 -0.779929 1.07984 -0.51979 
0.109391 0.892168 0.762381 0.500348 -1.44643 1.25324 1.16667 -0.885601 0.559436 0.196738 
0.666595 1.22513 0.182333 0.0271524 0.257918 0.987917 1.3113 -0.469489 0.701541 0.446337 
0.831698 1.69029 0.575065 0.112831 0.536494 -0.00165459 1.6053 -0.227473 -0.959342 0.818663 
0.845541 1.13379 1.85809 -0.399343 0.563173 -2.01725 2.6028 0.248233 -2.49662 1.10681 
0.794758 0.361231 0.48275 0.075793 0.538452 -0.919632 3.27139 -0.082723 -2.53786 1.2477 
0.702765 0.683731 0.528549 0.353698 0.0783602 0.197622 1.87693 0.190498 -1.18172 0.264949 
0.417152 0.520552 0.634756 0.159844 0.0902049 0.413886 0.319168 0.464546 0.525101 0.614252 
0.090815 0.473119 0.579167 0.931727 0.351118 0.666655 0.824798 0.182254 0.932373 0.759948 
0.55732 0.970172 0.584834 0.213789 0.686125 1.0758 0.602033 0.753107 0.145514 0.74668 
0.123016 0.649134 0.710695 0.269031 0.0750353 1.40777 0.73709 0.308231 0.244591 0.587229 
-0.0937077 0.969548 0.660895 -0.423874 0.179831 1.16978 1.10704 0.0173676 0.125873 -0.10827 
-0.0520117 1.39591 1.91619 -2.14819 -0.134638 1.5395 0.369964 -0.0199001 0.300762 -0.372136 
1.08978 0.910362 0.988259 -1.74656 0.0410429 0.745078 0.848056 1.18166 0.462278 0.492677 
0.7885 2.54291 1.78476 -0.786515 -0.755457 0.310862 1.19142 1.38456 -0.0259577 0.941022 
1.25311 1.97988 1.94253 -1.9747 -2.01519 1.45827 0.635463 1.63427 1.20697 0.571274 
1.68507 1.97604 2.19805 -1.2488 -1.38499 1.72534 0.51283 2.71843 0.154436 0.0664651 
1.00133 2.7556 1.8538 -2.28705 -1.57307 1.09835 0.468332 2.77995 0.0055069 0.606815 
1.10023 2.41214 0.220499 -2.36043 0.258117 1.80964 -0.0361745 3.34367 -0.133369 -0.0530516 
1.84007 2.77205 -0.0499762 -1.7413 -0.719117 0.807045 0.484871 2.94805 -0.25223 -0.701278 
1.23649 3.67152 0.348657 -2.23791 -0.448351 0.20416 -0.304934 3.15729 -0.918563 -1.24639 
1.82838 2.2598 1.8241 -4.05269 1.04202 0.825163 -0.325101 -0.967042 -2.59115 0.230119 
0.655026 -4.02795 1.87461 -3.9464 0.0351836 0.798228 -0.287563 -2.02179 1.50163 0.196997 
-1.12741 -4.46142 -0.388957 -1.94085 -2.5361 0.956811 -0.313564 -0.767141 1.10153 -1.61296 
-0.0116483 0.14261 -0.778248 0.354916 -0.128371 -0.557641 -0.12562 -1.13242 0.811051 -0.991768 
1.24688 -0.0986105 -0.777062 -0.13305 -1.90901 0.635151 1.29186 0.0714285 1.60992 -1.69274 
0.2764 -0.338891 -0.144326 0.0126759 -0.416577 0.709253 0.0593922 -1.2055 1.213 -0.399374 
1.27522 0.64347 -0.616295 0.412394 0.1892 1.0855 -0.816089 0.291473 1.32266 -0.406822 
1.27914 -0.498828 -0.450112 1.17911 0.162057 1.61479 -1.00504 -0.139271 2.39542 0.0306609 
1.17692 0.773665 0.878131 0.827212 0.201136 2.03255 -0.999878 0.528373 2.62134 0.738198 
2.20223 0.486673 0.349937 0.447614 1.02056 2.24949 -0.0803833 0.20846 2.06059 1.12449 
1.99464 1.04817 0.766496 -0.441173 1.12002 0.756855 0.262981 -0.0765816 0.478055 1.86547 
2.06691 0.805005 1.45093 -0.240159 1.19449 -0.311257 0.719409 0.0129733 0.190994 2.47231 
1.19503 0.608206 0.807212 0.0364134 -0.116188 -0.0632615 1.04619 -0.428539 -0.173202 1.09922 
0.727014 0.620471 0.44958 -0.253796 -0.143957 0.0804743 1.07373 0.865655 0.288035 1.04277 
0.775288 0.221544 1.0218 0.837838 0.64272 0.266538 0.793225 0.0716695 0.382902 0.0807846 
0.741782 0.277177 0.831726 0.631221 0.656053 0.439653 0.702262 0.993824 0.695685 0.854124 
0.904843 0.243818 1.01617 0.821581 0.542511 0.794008 0.0330802 -0.0912555 0.950479 -0.0463466 
0.240286 0.637857 0.508575 0.152409 -0.042381 1.55202 0.372367 -0.514514 0.050939 0.788252 
0.322714 0.916229 0.972864 -0.504739 0.821185 1.62813 0.947733 0.52338 0.379259 0.699829 
0.0930475 0.676926 1.2286 -1.71067 -0.507795 2.0425 1.02639 0.576455 0.0904698 0.466969 
0.890021 0.685256 1.77706 -2.15275 -0.48603 1.7684 0.790539 2.04083 0.0934885 0.505194 
0.980463 1.93249 1.73849 -3.19281 -1.82556 1.37265 1.02162 2.12239 -0.874988 0.194174 
1.23488 1.07221 1.18246 -1.66699 -2.24191 1.27615 -0.387826 1.75916 -0.554439 0.0101038 
0.858081 1.32044 1.69323 -0.45157 0.214141 1.31031 -0.892032 2.28005 -0.947432 -0.189528 
1.07378 1.12814 0.828376 -1.79072 0.0714929 0.995731 -1.9039 1.57269 -0.111469 -0.360355 
0.30252 1.50557 -1.25224 -1.61025 -0.178147 0.512488 0.460117 1.68866 -1.00415 -0.308963 
-0.358936 1.44589 -1.14195 -1.84785 0.567512 0.377177 -1.76737 2.75229 -0.896542 -0.298311 
0.333051 3.06873 -0.714499 -1.43305 0.757079 -1.24199 -1.4699 3.72402 0.0299922 -0.903699 
1.73033 1.94222 1.17731 -3.57248 1.79486 -1.56228 -0.845599 0.687515 -0.62243 -0.363474 
0.710404 -3.42667 2.20966 -3.90864 1.45972 -0.946935 -0.0914918 -0.834312 1.71683 -0.681502 
-0.564135 -3.03038 0.343691 -1.66565 -1.50769 -0.694626 -0.310973 -0.162626 0.797331 -0.543915 
-0.658206 -0.630299 -1.06432 -0.226879 -1.02323 -0.382557 -0.629553 0.368253 1.46132 -0.641423 
1.12644 0.221966 -0.0918824 -1.86958 -1.09495 0.858386 0.367331 -0.0819212 1.68376 0.129753 
0.326111 0.473961 0.942774 -1.78437 -0.0577737 -0.720409 -0.609928 0.511959 1.45625 -0.906128 
1.61485 -0.345234 -0.458929 -0.269224 -0.243454 0.101387 -0.734177 -0.461579 0.823543 -0.672803 
1.79633 0.210597 -0.748467 0.383407 0.6722 0.549126 -0.634186 0.47435 1.73654 -0.0596151 
2.20276 0.884711 0.115671 0.427405 0.614344 1.61228 -1.17001 1.08578 2.26568 0.36543 
1.91299 2.41671 -0.492719 0.622142 -0.209879 1.87371 -0.504137 0.822112 1.81728 1.36293 
3.04828 1.76238 0.993893 0.52505 1.16128 1.36021 -1.1196 0.986985 1.57777 3.43992 
2.16068 1.14684 1.28001 1.06256 1.45446 0.520864 -0.373821 0.0919692 0.867619 2.75811 
1.26429 0.739961 0.933906 0.508041 0.825519 0.601418 -0.422015 -0.270924 0.331093 0.944601 
0.334369 0.360563 0.274442 0.0791507 0.34996 0.133863 0.497907 0.560536 0.534306 0.503287 
0.552686 0.703551 0.578119 0.576098 0.748938 0.263375 0.491649 0.882344 0.175881 0.995943 
0.690287 0.0705588 0.0693319 0.632405 0.831191 0.373077 0.425932 0.45204 0.658963 0.164373 
0.798028 0.230735 0.240498 0.394922 0.641844 0.339606 0.231113 0.457525 0.914433 -0.00212198 
0.790573 0.563158 1.11154 0.285902 0.168356 0.932066 1.09545 -0.4125 -0.199924 0.150569 
0.0595896 0.630419 0.964126 -0.0743801 0.459891 1.22855 0.969386 0.820538 0.542939 0.979827 
0.483589 0.176648 0.605088 -1.41618 -0.355178 1.69027 1.48759 2.23047 0.426771 1.06939 
1.09563 1.25708 0.656182 -1.92912 -0.652928 0.528278 0.050335 2.08702 -0.941958 0.0245548 
-0.0590258 2.14383 0.624975 -1.34099 -1.13062 0.0910187 -1.04084 2.45816 -1.44701 -0.401509 
1.25583 0.807072 0.359512 -0.638821 -0.0700896 -0.0877598 -1.07115 1.41985 -0.951611 -1.05926 
-0.51457 0.702959 0.120483 -2.01062 -1.04654 0.440274 -0.916799 1.70949 -0.248934 -0.427589 
-0.414075 0.363326 -0.295756 -0.502888 -0.113442 -0.364803 -0.529855 0.651684 -0.548706 -1.03201 
-1.08983 0.100793 -1.06883 -0.309885 -0.100444 -0.963982 -1.23597 1.82035 -1.37462 -0.726313 
-1.5222 1.65368 -1.42338 -1.28946 0.271966 -1.42004 1.00365 0.954371 -1.01496 0.717718 
0.026009 1.77711 -0.104018 -2.6658 -0.124076 -1.31178 0.408919 1.76237 0.501706 0.212098 
0.980347 0.362535 0.310561 -1.86539 1.7604 -2.21722 0.344841 0.793744 0.502224 -0.222977 
1.17724 -3.23709 1.95326 -1.55931 -0.0742796 -0.175966 -0.508436 0.453187 0.996161 -1.05255 
-0.219418 -1.35194 0.666049 -1.08161 -1.44159 0.00985208 0.0639361 1.43295 1.29354 -0.599761 
-0.849116 -0.896829 -0.655453 -1.12295 -0.727954 0.192516 -0.32872 0.236837 0.553185 -0.689224 
-0.415398 -0.0364489 -1.30325 0.248209 -1.00624 0.140529 -0.503626 1.07431 0.786838 -1.2529 
0.659428 -0.729825 -0.726431 -1.68475 -0.430733 0.242539 0.636345 -0.0292597 0.604478 -0.247884 
0.380508 -1.45503 0.422471 -2.18265 -0.25089 -0.401156 -0.371451 -0.0596406 0.334343 -0.609441 
0.8938 -0.755734 -0.656891 -1.05579 -0.250974 0.687147 -0.23218 0.195153 1.48617 -0.702871 
0.985071 0.175125 -0.883611 0.697783 -0.635886 -0.155103 -0.242322 1.82696 0.665991 -0.687853 
0.972748 1.41863 -0.173161 1.24908 0.0235072 0.668137 -0.777816 0.886548 -0.272879 1.43883 
0.652552 3.02152 1.71443 1.98079 0.485963 -0.236913 -2.13501 0.920337 -0.7502 3.36718 
1.04927 1.86918 0.703586 1.4197 0.308475 -0.591053 -0.0898446 0.194494 -0.0027584 2.35822 
0.134413 0.369703 0.901574 1.78114 0.7368 0.322128 -0.336674 0.150404 1.04404 0.794229 
0.722512 0.307269 0.395636 0.790155 0.300781 0.041711 0.13905 0.66664 0.848044 1.03212 
0.2593 0.332538 0.895232 0.555431 0.416285 0.954325 0.306744 0.346997 0.704562 0.551468 
0.763988 0.103902 0.366144 0.309565 0.0427729 0.109773 0.536341 0.461831 0.530236 0.13543 
0.0736774 0.915637 0.266201 0.0970505 0.404166 0.133386 0.334458 0.174527 0.267519 0.43448 
0.790705 0.791431 0.743671 0.171689 0.709993 0.962243 0.179638 -0.253716 0.358921 -0.0162954 
0.447598 0.59908 1.2015 0.149711 0.769114 0.25846 0.657164 0.782833 0.377645 0.518094 
0.0665191 -0.481385 0.198229 -0.331047 -0.37993 0.956779 -0.0798725 1.49022 0.509289 0.159556 
0.691017 1.1259 -0.560946 0.318016 -0.380864 0.0986869 -0.761729 1.58113 -0.0557397 0.421934 
0.0388898 0.481753 -0.561392 0.506106 -0.303467 -0.564241 -1.21735 2.21221 -0.477734 -0.833089 
-0.291766 0.961945 -1.19476 0.759862 0.228564 -0.754808 -1.33478 0.889097 -0.707152 -1.1108 
-0.810312 0.795965 -0.644104 -0.675085 -1.07063 -0.628714 -1.08666 1.43773 -1.30613 -0.692881 
-0.312224 -0.109153 -0.594748 0.0315926 -0.302743 -1.48074 -0.848875 1.15989 -0.69227 -0.679903 
-0.550678 0.797167 -1.00233 0.339728 -0.0754419 -1.36106 -0.2791 0.76161 -1.15673 0.218587 
0.418547 1.81478 -1.15185 -0.485266 0.0448581 -1.28937 -0.425437 1.03565 1.22735 1.07527 
-1.13197 1.29827 -0.0449873 -2.27794 0.699305 -1.57387 -0.314832 0.755581 1.48515 -0.0566825 
1.28366 -1.46777 0.0666746 -0.793164 0.453001 -2.08922 -0.547271 0.275749 0.676815 -0.49379 
-0.216117 -2.82436 2.41323 -1.3105 1.7172 -1.30356 0.309958 -0.831582 1.58228 0.6437 
-0.486144 -0.935198 0.754136 -1.64593 0.388427 -0.133816 -0.704278 -0.141709 0.428019 0.117993 
-0.469839 -0.723552 -1.25812 -1.17587 -2.9738 -0.939906 -0.27714 0.062858 1.86077 -0.35327 
-0.0644282 -0.371555 -1.76306 -1.07448 -0.746651 0.100405 0.587484 0.26287 0.936349 -0.272937 
-0.572668 -1.35312 -1.25593 -0.177639 -0.849957 0.107982 -0.84159 0.0364007 1.71285 0.217907 
-2.35195 -0.72109 -1.47327 -0.882213 -0.884053 0.456323 -1.16204 0.67541 0.278783 -0.660859 
0.0859319 -0.448292 -0.990561 -0.177531 -2.15205 0.593479 -1.77993 0.0161378 0.7379 0.0218217 
-0.377097 -0.327694 -0.600459 1.15207 -0.590733 1.15789 0.684324 -0.320613 0.0269434 -1.05949 
-1.10284 1.03346 0.819855 0.754048 0.212566 -0.294282 -0.587238 1.67626 -0.503651 0.0497386 
0.0357859 2.0344 1.76786 1.31755 1.3468 0.78966 0.498474 0.954934 -1.00548 1.43555 
0.183113 1.85777 1.41172 1.17764 0.786129 -0.336516 1.12338 0.610425 -0.519425 1.82872 
0.671839 0.995676 0.456959 1.83546 0.741612 0.318933 0.378076 0.0424703 0.819438 0.381719 
1.0067 -0.116875 0.74964 1.24453 0.467034 0.136124 0.874075 -0.039842 0.129529 0.400731 
0.0597253 0.674514 0.178939 0.502356 0.926815 0.769033 0.196253 0.36816 0.609859 0.186868 
0.377692 0.477306 0.292189 0.148278 0.248575 0.638813 0.753664 0.944977 0.166672 0.480193 
0.92507 0.861579 0.180459 0.355633 0.509629 -0.005874 0.701031 0.0155161 -0.00509919 0.266566 
0.338982 0.223824 0.992903 0.471266 0.598795 -0.0536142 0.652811 0.517789 1.00456 0.386272 
-0.126946 0.385164 0.336455 0.655705 0.455595 -0.0377879 0.731891 0.673576 0.931954 0.564546 
-0.876465 -0.227149 -0.130134 1.55514 -0.195383 0.250094 -0.518625 0.434299 1.30765 0.491617 
0.327703 0.469593 -1.04469 1.99042 -1.07144 0.411963 -0.395378 1.33982 0.723447 0.362349 
0.276776 0.327983 -1.7527 0.760531 -0.522423 -0.86673 0.0378541 1.3262 0.473059 -0.582101 
0.766591 0.773318 -1.16425 -0.349141 1.03692 -1.38597 -0.940815 1.39439 -0.395221 0.47341 
-0.339809 0.588563 -1.54867 1.28647 0.755536 -0.651619 -0.945985 0.815891 -0.601971 0.131607 
-0.248326 0.0971186 -0.829223 0.537722 0.146917 -0.315182 -0.293225 0.302885 -0.672086 -0.765251 
-0.145891 1.3556 -1.36053 0.138413 -0.370028 -0.202617 -0.196457 0.335039 -0.312692 -0.408382 
0.862462 0.565836 -0.847008 -1.55403 0.447112 -1.16839 -0.941516 1.07719 1.06095 -0.0757157 
-0.870321 0.37527 0.334036 -1.64436 -0.000494471 -1.15495 -0.367476 1.95405 0.370001 -0.0658351 
-0.0186056 -1.84762 0.62932 -0.428696 0.75886 -2.26972 0.407676 0.83016 -0.125232 -0.479705 
-0.661842 -2.32915 2.37834 -0.944605 1.23421 -1.02852 -0.558771 0.219506 1.48528 0.525579 
-0.119079 -0.840709 -0.405624 -1.18725 -0.84027 -0.0220963 0.796482 0.471931 0.747828 -0.638313 
-1.01333 -0.45318 -1.91306 0.0986273 0.0239663 -1.3756 -0.943808 0.559395 1.10058 -0.203366 
-1.23703 -1.16703 -1.30894 -1.90028 -1.50997 0.692348 -0.724157 0.0769527 0.994456 -0.988226 
-0.518375 -0.965212 -0.165249 -1.17684 -1.21971 0.25175 -0.0585992 -1.74398 1.02955 0.421279 
-0.883338 0.0803796 -1.05957 -1.0899 -0.659883 1.17816 -0.394784 0.00747577 0.416995 -0.355675 
-0.559879 -0.396468 -0.963546 0.190984 -0.183148 1.01912 0.569461 -0.704226 -0.786056 -0.0920704 
-1.51954 -0.162623 0.112462 0.425994 -0.0813463 0.622015 0.229108 -0.847785 -0.642912 -0.366374 
-1.32041 0.817086 0.49126 0.522753 -0.431987 0.10731 -0.53439 1.29427 -0.90019 0.0419927 
0.0252663 0.912281 1.51453 0.213366 1.16173 0.161373 1.51883 0.728309 -1.70921 0.0615139 
0.360059 1.89398 1.05854 0.604554 0.758163 -0.397756 0.12012 0.612316 -0.45185 0.70615 
0.27542 0.194468 0.715747 1.56892 1.49344 0.19105 -0.103779 0.152907 0.381991 0.290177 
0.0788194 0.601944 -0.0211994 1.1264 0.325176 0.558933 0.0757436 0.68663 1.10998 0.276082 
0.86218 0.358336 0.116606 0.571672 0.612618 -0.0178429 0.511685 0.685918 0.632468 0.628701 
0.132569 0.384924 0.371032 0.402034 0.198525 0.0759877 0.424529 0.657654 0.997241 0.741487 
0.168083 0.362495 0.10845 0.139016 0.256372 0.622867 0.294811 0.605486 0.0653055 0.233326 
-0.0078056 0.324436 0.349504 -0.0955892 1.11162 0.895271 0.582501 0.676445 0.409532 0.0323082 
-0.231648 -0.243636 0.354542 0.346229 1.09677 0.610369 0.605063 0.161976 0.805181 0.622055 
-0.00190838 0.294206 -0.592289 1.90096 0.865068 0.17756 -0.334894 -1.33549 0.11812 0.579905 
0.602478 -0.512664 -1.20373 1.6368 -0.939497 0.561558 0.436123 -0.565084 0.0894273 0.644984 
-1.05076 0.351065 -1.66696 1.44768 -0.93705 -0.546324 -1.5705 0.020091 0.903071 0.841016 
-0.470502 0.490375 -1.91514 1.45372 -1.32008 0.30128 -0.925354 0.727102 0.319491 0.347791 
0.109326 0.672945 -1.76796 1.00222 -0.568584 0.371916 -0.36938 0.099928 0.696436 1.12882 
-0.591564 -0.218133 -0.515372 1.0509 0.418951 -0.719943 -0.35836 0.617065 0.116564 1.21686 
0.334021 0.961041 0.345461 0.473666 0.877279 -0.815192 -0.436694 1.36731 -0.819702 0.147247 
0.956439 0.780511 0.234479 0.0631658 0.941508 -0.601514 -1.18415 0.517418 0.812169 0.195198 
0.733789 -0.13726 -0.0996053 0.267769 -0.149966 -1.00221 1.41575 0.752999 2.03087 -0.717979 
-0.910816 -1.97352 1.006 -0.395303 0.839507 -0.552904 -0.2279 0.222828 1.21385 -0.24109 
-1.16092 -1.57865 0.839269 -1.49882 1.27524 -1.08893 -1.02475 0.389876 1.12907 0.854089 
-1.26895 -0.102743 -1.16035 -0.211535 -1.47831 -0.796385 -0.335166 0.479806 1.25801 0.76727 
-0.284156 -1.23634 -0.9904 -0.124107 -0.535518 0.0379116 -0.349127 0.0289383 1.01043 0.0639856 
-0.988874 -0.411418 -1.46266 -0.873395 -2.03899 -0.0420076 0.281824 -0.0800793 2.11876 -0.778263 
-0.173607 -0.185709 -1.62444 0.412358 -0.391321 0.260365 -0.0188557 -0.138852 0.686065 -0.589354 
-0.937424 0.745233 -0.597732 1.09087 0.533893 0.167796 0.600474 -0.444204 -0.176238 -0.317904 
-1.71932 0.556155 -0.428549 0.402142 0.0490244 -0.181774 0.307242 -0.241309 -0.460675 0.742095 
-1.99548 0.42828 -0.552765 0.898917 0.580128 0.671763 1.37046 -0.811938 -0.442824 0.725721 
-0.873187 0.23741 0.309217 0.195327 0.255082 1.32181 0.446273 0.51039 -1.2308 0.140465 
-0.497616 0.188173 1.71295 -0.209251 1.2727 -0.167507 1.53184 0.024026 -0.718654 0.412047 
0.1541 0.497794 0.954278 1.35863 1.89116 -0.438052 0.506485 -0.153543 0.297678 0.783687 
0.474745 -0.70394 0.234643 2.22146 2.12341 -0.852866 -1.1906 -0.143142 0.937536 1.23749 
0.259704 -0.61659 0.0632129 1.32994 0.661829 -0.100217 0.435188 -0.412071 0.480897 0.711768 
0.93838 0.694392 0.0836032 0.407202 0.705479 0.240593 0.35918 -0.114573 0.901103 0.862559 
0.0541093 0.372143 0.157506 0.873501 0.137822 0.722861 0.489334 0.157842 0.150304 0.973449 
0.202919 0.482551 0.726973 0.228392 0.421753 0.867686 0.827096 0.364433 0.23177 0.282491 
-0.0622608 0.559592 0.357139 0.1219 0.535843 0.48551 0.856907 0.363568 0.290358 0.280444 
0.545852 -0.564986 0.5007 0.347863 1.68733 0.121869 1.30031 -0.0578582 0.0240632 0.0434085 
0.701331 -0.0889933 -0.211736 2.06709 1.03556 -0.961898 0.188185 -1.77349 0.732692 1.17908 
-0.149079 -0.703756 -1.04787 2.31984 0.388437 -0.476023 1.38521 -1.36642 0.337425 -0.0721768 
-0.447063 0.255619 -0.581124 1.16868 -1.44782 -1.11045 0.209316 0.393295 -0.0567917 0.509079 
-0.0793888 0.618517 -0.727151 1.26989 -0.946594 0.636785 -1.58651 0.6045 1.14806 1.31369 
-0.163799 0.347704 -0.589236 0.131753 -0.50027 0.23566 -2.07233 1.33515 1.71925 1.64962 
-0.155955 -1.04091 -0.210465 1.2172 -1.48596 1.47556 -1.33019 0.477076 1.24668 2.4532 
0.784487 1.13142 0.890272 1.10317 0.245957 0.120233 -1.31656 0.883534 -0.00930826 1.14302 
0.917887 1.62512 0.723389 1.15523 -0.190281 -1.01193 -0.644324 2.50188 0.0790695 0.77867 
1.56796 -0.111107 1.40184 0.282831 -0.119479 -0.578254 -0.208261 1.17696 1.84747 0.66049 
-0.495017 -2.64123 1.0985 0.249052 -0.67662 -0.666434 0.289202 0.533403 2.00618 -0.793042 
-0.941798 -1.19412 1.08794 -0.648474 0.967042 -0.755298 -1.11563 -0.424717 1.94257 0.7734 
-0.679292 0.318406 -1.35163 0.185032 -1.24988 -0.0334026 0.194924 0.487834 0.989672 -0.18907 
-0.540506 -0.496774 -1.51237 -0.162279 -0.871323 0.511366 0.073536 0.729441 1.05082 0.288115 
-0.731706 1.27308 -0.596078 -0.578033 -0.232618 0.0499602 0.809881 -0.11972 -0.278896 -0.196716 
-0.683366 1.57347 -0.852906 1.20076 -0.403219 -0.563838 0.616935 0.964156 -1.52005 -0.368328 
-0.728461 1.03764 -0.380815 -0.273691 1.21158 -0.264285 1.39178 -0.596988 -0.68156 0.635077 
-1.64633 0.94514 -0.55848 -0.296423 0.0478647 -0.290894 0.298421 0.360783 -0.638288 0.661385 
-1.25251 1.28188 -0.953517 -0.0905245 0.962632 -0.62739 -0.0368446 0.370439 -0.535577 1.29861 
-0.204616 -0.434632 0.577117 0.757883 1.70115 0.622691 1.01432 -0.562462 -1.1972 0.204202 
-0.260941 0.414679 0.24698 1.12683 1.5012 -0.611232 0.89526 -0.592929 -0.467314 0.572451 
1.34878 0.301371 -0.354768 2.96345 1.17378 -0.744144 0.230508 -0.364833 0.637482 1.74745 
0.910053 -0.420706 -0.734544 2.91673 1.62578 -0.320793 -1.28962 -0.910654 0.902782 0.823358 
1.04727 0.260667 -0.10696 1.2431 1.21194 -0.199365 0.162374 0.427642 0.449787 1.03966 
0.534326 0.113228 0.293676 0.529 0.274911 0.261583 0.378298 0.00179433 0.536892 0.572366 
0.431826 0.782243 0.918547 0.815051 0.0882906 0.19886 0.129863 0.914732 0.222721 0.54272 
0.625939 0.462553 0.500367 0.824135 0.863086 0.163919 0.175911 0.658121 0.460394 0.307144 
0.156007 0.766197 1.02553 0.673209 0.949246 0.591446 1.2198 0.080888 0.572844 0.25821 
0.262361 -0.521173 0.839196 -0.631577 1.6477 0.0472354 1.41166 0.369452 0.518044 -0.0332773 
0.37916 -0.365068 0.226163 1.46566 2.04232 -0.286992 0.842839 -2.12421 0.074023 1.08417 
-0.302611 0.0184182 -0.463524 1.64847 0.614591 -1.62562 0.35743 -0.820152 0.23376 1.16673 
-0.529909 -0.209508 -0.0939714 0.648422 0.456601 -0.889346 1.56901 -0.830802 0.7263 0.595641 
-0.0737985 1.337 -0.41044 0.636693 -0.57154 -0.389134 0.928314 0.611096 0.335705 -0.250665 
-0.115305 1.52887 -0.0962869 1.55834 0.755469 0.876168 -0.618942 0.753073 0.247552 0.793152 
0.385793 -0.233838 0.395744 1.60209 0.463866 1.34143 -1.45578 1.50287 1.9348 2.02923 
1.63518 1.09874 -0.195979 1.84881 -0.40261 2.37174 -1.99269 0.451919 0.918403 2.51304 
1.12691 1.003 0.178811 0.925545 0.656988 2.32532 -1.58655 0.350481 2.08633 2.49206 
0.302622 -1.39441 0.832157 1.94472 0.465966 0.107701 -1.77285 2.09784 3.12571 2.43771 
-2.12585 -2.35925 0.918698 -0.285973 -1.77295 0.370299 -0.115081 0.811996 1.3917 0.161447 
-0.915498 -1.64569 0.141235 0.525384 -0.473066 -0.16938 0.370794 -0.952668 -0.166692 0.0530903 
-0.36598 -0.239935 -0.0912508 0.239099 -1.11159 -0.726093 0.368657 0.0908051 0.957683 -0.680433 
-0.42677 0.668087 -0.551685 1.4775 0.824858 -0.959442 0.975258 -0.643867 -0.429707 0.318619 
-0.657484 0.501583 0.18674 0.988493 1.50629 -0.416586 0.747053 -0.949441 -0.126392 0.518748 
-0.0248419 0.18446 -0.62157 -0.107144 1.22631 -0.246874 -0.197394 -0.511834 -0.776877 1.11787 
-1.0851 0.366044 -0.45337 0.720969 0.4542 -0.413628 0.0889125 -0.509257 -1.25699 0.425791 
-0.618004 -0.775693 -0.826659 -0.561435 -0.808165 -0.115583 -0.106834 0.144474 -0.489234 0.13939 
-0.760293 -0.398698 -0.458665 0.714527 1.21038 -0.812123 0.376505 -1.21324 -0.953644 0.0249656 
1.17313 -1.34861 -0.83693 0.839473 2.35239 -0.697644 0.277445 -1.19826 -1.26727 1.0717 
0.94269 -0.371162 0.378114 2.2095 1.9849 -1.09059 0.293952 -1.08486 -0.34057 0.797627 
0.684764 0.048064 0.0663548 3.02706 2.062 -1.33563 -0.626774 -0.805015 0.454406 1.69342 
0.717421 -0.764152 0.0160257 2.58948 2.0957 0.262953 -0.52633 -0.924316 0.653717 0.424162 
0.952818 -0.150208 0.772557 1.2549 0.934953 0.17639 0.419454 0.323167 0.769596 0.33422 
0.752081 0.126745 0.178032 0.831082 1.09274 0.0689599 0.812396 0.639808 0.483794 -0.00974369 
0.316651 0.313852 0.9802 0.955257 0.766414 0.64132 0.0315185 0.506115 0.578552 0.074174 
0.335594 0.0725084 0.428606 0.0865607 0.511589 0.27061 0.697892 0.0906727 0.0262204 0.885958 
0.444754 0.419408 0.604035 0.234155 0.212071 0.128719 0.564306 0.500756 0.455088 0.510826 
-0.466555 -0.302252 0.759593 -0.0397399 1.48746 0.302687 2.05951 0.122632 0.123705 0.415786 
0.0577914 -0.874757 0.419253 0.38846 1.46715 0.287038 1.35396 -1.19188 0.215158 0.789887 
-0.0983368 -0.0565653 -0.416107 -0.0756544 1.01457 -0.0830941 1.75133 -0.646851 -0.907459 0.429972 
0.235892 1.33733 0.69666 0.174143 0.935748 -0.638849 1.34842 -0.180516 -1.13639 0.650746 
0.425954 -0.475658 0.0819758 0.764908 0.685581 -0.97739 0.764665 -1.26298 -0.284059 0.704964 
0.0590328 0.732735 1.20269 0.0193152 1.28912 -0.618865 1.34105 -1.42306 -0.698143 0.53029 
0.693048 -0.843839 1.29254 0.912182 2.27622 -0.72488 0.42039 -1.30429 0.566035 1.33498 
0.579965 0.384341 1.89323 1.04846 2.5325 -0.955054 -0.16398 0.121549 -0.0361448 1.57445 
0.746117 1.12914 0.0352336 1.96534 1.67065 -0.0196782 -0.988372 0.602049 -0.923047 1.86229 
-0.0510239 -0.455112 0.383128 2.54775 2.08229 0.245718 -0.52603 -0.0874688 -1.15119 1.79057 
-1.84792 -1.28197 0.306792 1.25051 1.77577 0.874635 -0.460528 -0.528023 -0.972715 1.14294 
-0.872975 -0.394006 -0.351817 1.18827 0.0840679 0.159937 -0.550516 -0.386057 -1.39417 0.815488 
-1.08226 -0.142642 0.677009 0.332344 1.28538 -1.18028 0.399898 0.489216 -0.73438 0.760293 
-0.044059 0.208231 0.0837748 0.463877 1.49204 -1.48579 0.0420981 0.280462 -0.502494 1.54679 
0.522562 0.32341 -0.178151 0.202045 0.739243 -0.71722 0.586526 0.194947 -0.714627 0.287325 
0.947428 -0.281153 -0.70763 -0.299761 1.06051 -0.50913 -0.0955383 -0.0487921 -0.0621473 0.639889 
-0.73443 -0.419987 -0.653879 0.402219 0.938799 0.151106 -0.407954 0.385761 -0.936834 -0.140226 
0.441557 -1.95122 -0.600745 0.247454 0.605361 -0.256916 -0.383056 -0.649036 -0.8475 -0.235075 
0.356905 -1.07351 -0.180932 0.299241 0.996034 0.00507266 0.31241 -0.721158 -0.201253 0.440465 
1.66322 -0.630157 0.748977 -0.477354 1.68434 -0.994902 0.6445 -1.07773 0.212289 1.00806 
1.21703 0.427186 1.29721 0.0997905 1.19694 -0.977668 0.398416 0.339382 -0.579044 1.27364 
1.69035 -0.469873 -0.00572604 1.77774 1.35567 -0.893569 -0.52782 -0.418376 -0.135539 1.56338 
0.986849 -0.723588 -0.296245 1.28434 1.46019 0.570857 0.162894 -0.952426 0.519774 0.0618238 
0.795998 -0.357675 0.31859 0.923408 0.721705 0.0793238 0.270019 0.656875 0.49059 0.138957 
0.131091 0.459502 0.823927 0.514202 1.00281 0.124134 0.929111 0.170068 0.824835 0.0484034 
0.622242 0.717429 0.664022 0.652699 0.12656 0.109287 0.275765 0.949675 0.356731 0.503067 
0.513006 0.0947058 0.446063 0.95099 0.222604 0.740188 1.01599 0.0756982 0.222965 0.227124 
1.05345 -0.118498 0.493386 0.810448 0.498102 0.367223 0.362317 0.637493 0.419159 0.521868 
0.785291 -0.908593 0.289192 0.662061 1.96076 0.492298 1.75815 -0.840579 0.363432 0.735052 
0.813549 -1.23964 0.314663 0.855319 1.92655 -0.781952 1.43004 -2.13288 0.271414 1.36827 
0.446693 -0.394982 0.157734 0.892267 1.66084 0.0234179 1.09857 -1.57236 -0.931681 1.77248 
0.312829 0.0509492 0.794046 1.08092 2.37971 -0.3623 0.839257 -0.680942 -0.754541 1.24716 
1.0535 -1.06371 0.459772 0.909092 2.24546 -0.0814857 0.123429 -1.72226 -0.921338 1.6573 
0.139452 -0.214836 1.49451 0.216661 1.72284 -0.592976 0.62312 -1.09523 -0.669948 1.89639 
-0.00977312 0.57961 1.14768 0.809433 2.16379 -1.01019 0.643689 -0.228562 -1.66146 0.803637 
-0.0170011 0.730635 0.919553 -0.183061 1.60079 -0.453696 1.043 -0.954605 -1.46588 1.21822 
-1.31641 0.600502 1.52734 0.871654 2.1347 -0.575341 0.298498 -0.210523 -1.79124 1.06244 
-0.703026 1.59526 1.44485 0.952746 1.96738 -0.299483 0.618025 -0.478798 -1.50461 1.61107 
0.359129 1.07635 0.48995 0.518974 1.63869 -0.0699554 -0.0613552 0.795652 -1.28803 1.46504 
0.283429 -0.191763 0.906273 0.570232 1.30179 0.585089 -0.758921 1.29868 0.0877943 0.315159 
0.582124 -0.0172317 -0.155566 0.3841 1.26993 -0.598273 0.213983 0.333011 -0.904883 1.016 
-0.768378 -0.484941 0.154216 -0.823817 0.308109 -1.02333 -0.694973 0.13012 -1.12574 -0.310937 
-0.102855 0.101125 0.787534 -0.960819 0.832831 -1.04053 -0.605275 0.165235 -0.22825 -0.0905996 
-0.179434 -0.539341 1.10429 0.991995 2.73438 -1.69978 0.754205 -0.575277 -0.63575 0.838157 
1.70852 -0.156117 0.574129 -0.0329848 0.974561 0.265571 0.501298 0.146748 -1.11143 0.788535 
0.0940799 -0.863094 0.0793349 0.100324 1.9643 -0.186428 -0.684479 -0.939924 -0.715295 0.401758 
0.213519 0.137302 0.16303 0.660924 0.339457 0.151688 0.169197 -1.0263 -0.267828 0.453784 
1.39379 -0.455697 -0.37717 0.847176 1.90424 -0.941265 1.73835 -0.347255 -0.915055 0.544706 
1.92044 -0.87366 -0.0242583 1.88276 1.98919 -0.912435 0.139839 -0.144051 -0.610879 1.45016 
1.43532 -0.483491 -0.68214 3.07457 1.299 -0.662411 -0.123769 -0.706576 0.0455702 1.33618 
1.27651 0.0957465 0.243992 0.603292 0.648703 1.01594 0.062321 -0.109176 0.0199832 0.445445 
0.755675 0.0162438 0.0236599 1.11618 0.382115 0.207986 0.317751 0.431204 0.613229 0.623727 
0.125435 0.758455 0.736997 0.306066 0.168895 0.113811 0.449403 0.123746 0.977254 0.524816 
0.850952 0.587512 0.865523 0.170908 0.52864 0.0648688 0.843322 0.188778 0.074294 0.259873 
0.861074 0.0802492 0.534981 -0.0167735 1.01515 0.13752 0.511181 0.139936 0.658134 0.221672 
0.123581 0.100254 0.396889 0.424398 1.23088 -0.0742369 -0.0775677 -0.0100727 0.907378 0.106694 
0.107791 -0.25421 0.136848 0.528068 1.44673 -0.104795 0.270305 0.234978 0.407812 1.16787 
0.601501 -1.02383 0.696704 1.12702 1.32072 -0.381397 1.37314 -1.27608 -0.597858 1.22833 
0.0837961 -0.334637 0.8947 0.402466 1.13543 -0.531241 0.763025 -1.20673 0.339431 0.870712 
0.0927994 -0.945643 1.30151 -0.33276 2.38505 -0.0545611 0.597041 -1.14056 -0.128069 0.909917 
0.131421 -0.186277 0.640753 -0.0383393 1.89534 -0.767806 0.821783 -1.26868 -0.160317 0.99815 
-0.130505 -0.247684 0.598881 -0.0976978 0.299433 -0.490888 0.742735 -0.965947 -0.110388 0.750017 
0.424119 0.489936 0.17492 1.59022 0.673481 -0.464545 0.144614 -0.578199 0.111178 1.00158 
0.0650066 1.76163 0.329972 -0.0853247 0.548563 0.129004 -0.210318 0.445162 -0.103056 0.747838 
-0.15845 1.24779 1.3747 0.960784 0.642548 0.144235 -0.350789 -0.124535 -0.454682 1.00818 
0.0722275 1.21288 0.379851 1.25268 0.652507 0.513347 -0.350596 1.14639 -0.336069 0.995231 
-0.189354 0.923856 1.11585 0.565678 2.15904 -0.435331 0.467101 1.46869 0.0605877 0.718939 
0.0394416 0.856307 0.941448 -0.104568 1.08782 -0.521259 0.919257 0.0922588 -0.578029 1.10378 
0.491097 0.0376806 1.07345 -0.399955 0.801081 0.0631273 -0.674134 0.123891 -0.355211 0.391792 
-0.0230865 -0.140274 -0.345365 -0.611503 0.236228 0.00770995 0.247485 0.113539 -0.256505 0.857544 
-0.336426 -0.077977 0.647956 0.0979728 1.45534 -0.970255 -0.975507 0.756543 -0.721525 1.08623 
-0.358511 0.509145 0.724343 0.573151 0.919519 -1.89022 -0.0142664 0.149565 0.340115 0.801081 
1.30836 0.146497 -0.32678 0.725562 0.9758 -1.08001 -0.401716 -0.198939 -0.241537 0.670921 
1.71527 -0.333781 0.376262 -0.0989889 0.0282971 -0.0521828 0.789898 -0.46665 0.347794 0.878657 
0.591998 0.646572 -0.780963 0.905422 0.0133378 -0.569573 1.39165 -0.463621 0.210374 0.669266 
0.800494 -0.0707196 -0.177989 1.5378 1.0642 -2.0004 0.914374 -0.0813379 -0.865307 1.15328 
0.609177 -1.05505 -1.20311 2.79812 0.944948 -1.10596 -0.616587 -0.114043 0.396042 1.40417 
1.78173 -0.956066 -0.426342 1.82975 0.64524 0.475542 -0.291363 -0.43042 0.994045 1.38399 
0.761799 -0.139671 0.717802 1.10675 0.269803 0.215594 0.149183 -0.262617 0.797083 0.535922 
0.511814 0.662082 0.211827 0.759353 0.911263 0.0670601 0.0156176 0.0491261 0.543316 0.250118 
0.598072 0.807593 0.320039 0.95398 0.270297 0.988277 0.359811 0.560731 0.827827 0.484503 
0.452778 0.304544 0.251985 0.0823339 0.531075 0.999652 0.756073 0.670667 0.854926 0.579254 
0.894998 0.0234885 0.293244 0.380015 0.332508 0.624099 0.455683 0.870737 0.283121 0.464878 
0.938787 0.73105 0.207592 0.158464 0.902341 0.519277 0.655792 0.333134 0.79488 0.692321 
0.846109 -0.459049 0.727527 0.690433 1.19234 0.692088 0.484262 0.512655 0.556144 1.09943 
-0.0296235 -1.15123 0.516932 0.00230271 1.67675 0.067089 0.929283 0.123653 0.882427 0.714351 
-0.0613459 -0.892974 1.18161 0.598139 1.40588 -0.59571 -0.0655179 -1.61951 0.5104 -0.0911891 
0.31564 -0.818008 0.00858049 0.280771 0.995916 0.0485671 0.468678 -1.32359 0.492982 0.957247 
-0.168627 -0.0824224 0.457755 0.066379 0.651567 -0.500897 0.486289 -1.59559 -0.0231916 0.816033 
-0.554049 -0.0374527 -0.313513 -0.113108 -0.335582 -0.880895 0.363965 -0.249574 0.220612 -0.0871595 
0.0593307 0.356116 0.0141902 -0.264063 0.626201 -0.914648 0.274798 -0.628224 -0.466182 0.350648 
0.813387 0.411164 0.127664 0.165053 0.515108 -0.263209 0.463885 0.2245 -0.981625 0.176693 
0.318294 0.0271847 0.145329 0.925915 0.541541 -0.544432 0.568717 -0.743639 -0.325981 0.600938 
0.789109 1.15507 0.0195129 0.556164 0.649077 -0.356159 0.367637 0.946913 -1.31372 0.556392 
1.42823 1.25277 0.861615 1.07135 0.858589 0.591765 0.183342 0.117275 0.129294 1.05247 
0.558768 0.301274 1.04537 0.879237 0.244783 0.28103 0.580005 -0.682659 -0.898391 0.423132 
-0.760596 0.238554 0.0665892 0.93438 1.77153 0.139806 0.46307 0.0494004 -0.126059 1.30529 
-0.121632 -0.013428 1.16012 -0.731526 -0.182059 -0.61656 0.311165 0.220359 -0.756161 -0.085768 
0.251183 -0.527489 1.21774 -0.576953 0.294459 -0.143443 0.212589 -0.140919 0.0954552 -0.406774 
-0.715779 -0.495828 0.322178 0.516947 -0.688246 -1.08724 0.139843 0.0481847 -0.0827019 0.441418 
-0.997604 0.465525 0.934206 0.0379953 0.746363 -1.42239 0.437784 0.109503 0.400007 -0.406771 
0.0487118 0.290239 0.170478 1.10526 0.33979 -2.50448 -0.545962 1.1336 -0.703295 0.0381412 
0.0157296 -0.233021 -1.43588 1.83086 0.591613 -2.17849 -0.225537 0.58112 -0.540309 0.671155 
0.291161 -0.61496 -1.42696 1.53507 0.640192 -1.2625 0.223836 0.567843 -0.241757 0.46112 
0.562583 0.113795 -0.130873 1.49759 -0.0704219 0.0720804 0.0189532 0.291757 0.167502 0.956484 
1.25824 -0.0164254 0.386095 1.14833 -0.0549571 0.44857 0.259267 -0.0880057 0.464671 1.04428 
0.939449 -0.0599255 0.22431 0.441443 0.546723 0.25365 0.542213 0.256785 0.143348 0.695979 
0.575448 0.260834 0.500282 0.571028 0.111279 0.655811 0.461968 0.481858 0.283168 -0.0131389 
0.867778 0.24788 0.00926147 0.569644 0.232499 0.111189 0.658104 0.559841 0.438446 0.949896 
0.8052 0.0919523 0.0867946 0.795984 0.309488 0.17954 0.837031 0.0631428 0.284768 0.932951 
0.509781 0.333934 0.341319 0.947661 0.53972 0.141087 0.871517 0.574175 0.791833 0.640095 
0.700125 0.14641 0.302267 0.570279 0.728277 0.288762 0.811967 0.419412 0.690536 0.336547 
0.180346 0.269777 0.416447 0.464674 0.87925 0.355154 1.4748 -0.0610905 -0.0530411 0.278361 
0.33728 -0.576977 0.329377 -0.16249 1.4622 0.43444 1.6443 -0.0358349 0.425526 0.292544 
-0.556821 0.2097 0.884496 0.109764 1.18775 0.130926 0.508011 -0.103203 0.272126 -0.182367 
-0.697316 -0.309401 0.130807 0.677024 0.219677 -0.407422 -0.970399 -0.399109 0.394828 0.112981 
-0.574681 -0.215492 -0.512337 1.11222 0.154372 -0.313405 0.270693 -1.28177 0.0100605 -0.276362 
1.1777 0.65267 0.406301 -0.371115 0.30179 -1.40418 -1.17956 0.484252 0.621437 0.843895 
0.211244 -0.169241 0.47111 0.367736 2.32808 -1.18913 -0.17032 -0.450618 -1.05542 -0.335825 
0.979811 1.06571 -0.516031 -0.145575 0.202509 0.293332 0.205752 -0.781625 -1.11781 -0.0933809 
1.78928 0.842631 0.497614 0.0356437 0.361053 -0.673418 0.175332 -0.283009 -0.698254 -0.102638 
0.719395 1.05969 0.609249 0.316957 0.357448 -0.20186 -0.187947 0.118219 -0.801468 0.179311 
1.44649 1.30864 0.545427 0.921847 0.34619 -0.522608 0.340411 0.27964 0.829882 1.16123 
1.42843 1.45471 0.893953 -0.147633 0.401713 -0.443103 0.644119 1.17364 0.399762 0.530191 
0.0115391 0.137237 1.66954 0.017476 2.10098 -0.493775 0.72394 0.547088 -0.160331 0.899814 
0.324442 0.0706656 0.685295 -1.07884 0.966646 -0.399891 -0.360111 0.508519 0.0533027 -0.268116 
-0.0676034 0.612271 1.75384 -0.977566 0.893582 0.10241 -0.00197276 0.179976 -0.294466 0.413806 
-0.0148769 -0.823316 0.0201164 0.1084 0.487257 -1.0341 -0.255462 0.387734 0.667735 0.216042 
-0.18375 0.412486 0.656232 0.0490956 0.306559 -2.27961 -0.642445 1.1101 -0.123333 0.455511 
0.321399 0.648468 -1.21338 1.39901 0.497596 -1.85134 0.238875 1.2493 -0.172684 1.06957 
0.498686 -0.371255 -1.23247 2.03839 0.414509 -0.355097 -0.389244 0.668805 0.271408 0.351662 
1.16057 0.148886 -0.910332 2.17307 1.01623 -0.186539 0.142302 1.02025 -0.608371 0.552213 
1.84518 0.413621 -0.487119 1.30749 0.622057 -0.123306 -0.21543 0.968694 0.504605 0.568109 
0.278164 0.597919 0.169706 0.8742 -0.0532464 0.459389 0.0371258 0.345503 0.067048 0.1646 
0.877938 0.382216 0.254746 1.03922 0.389147 0.204462 0.765168 0.736712 0.13007 0.289488 
0.270764 0.477798 0.31038 0.460022 0.576973 0.821165 0.342699 0.507759 1.01196 -0.0217161 
0.29603 0.00900296 0.982238 0.723685 0.0236213 0.528764 0.364238 0.60741 0.722404 0.0641194 
0.818262 0.199591 0.67864 0.209693 0.69982 0.516251 0.0968963 0.0946684 0.893185 0.588488 
0.331339 0.813288 0.145543 0.585437 0.142766 0.778802 0.629627 0.251167 0.012299 0.907804 
0.0286989 0.76709 0.0565287 0.0201728 0.895339 -0.0178273 0.492878 0.496014 0.412413 0.438369 
0.306725 0.131266 0.0785616 0.470683 0.702679 0.299318 1.22885 0.0465283 0.474148 0.0974299 
-0.0729102 -0.0557077 0.41637 -0.443289 0.6314 -0.00454905 1.79312 0.787095 0.325333 -0.241215 
-0.474109 0.753333 -0.00837277 0.221641 -0.287898 0.620141 1.4641 -0.352721 0.485287 -0.990239 
-0.121873 0.164733 -0.108555 0.104361 -0.590512 1.06631 0.840338 -0.32132 0.365067 -0.654303 
-0.547914 -1.52978 0.0211351 0.59295 0.788404 0.45729 1.1477 0.0773311 0.335655 -0.361093 
1.53542 -1.2592 -0.327286 0.286561 1.00902 -0.217159 0.478917 -0.0987642 0.238029 -0.103962 
-0.0277022 -0.375995 0.307012 -0.9382 0.768619 -1.0221 -0.0805728 -0.118542 -1.23223 -0.369844 
-0.100742 0.314087 0.24812 -0.736867 0.59846 -0.432551 0.0658022 0.672242 0.307758 -0.284325 
0.512399 0.252755 0.325256 -0.307808 1.35206 -1.23755 0.115845 1.83579 0.026147 0.737344 
0.403498 0.379282 0.377769 0.789339 2.91009 -0.816526 0.218462 0.00260195 -0.752815 1.31091 
0.573781 0.39719 0.497224 -0.0964951 1.69238 -1.04549 0.684695 -0.0929911 -0.603767 0.760049 
0.284105 0.168686 0.666186 0.0344896 1.72855 -0.802145 0.137486 -0.309277 -0.576019 1.16853 
0.352509 0.799466 0.728958 0.396879 1.37154 -0.601589 0.564795 -0.364616 -0.51769 0.817037 
1.63448 0.430736 0.535964 -0.278746 1.82652 -1.18808 0.256852 1.28163 0.379987 1.33961 
0.829824 0.568227 0.24812 -0.327203 1.91514 0.254617 0.164017 0.368139 -0.907803 0.292184 
1.44756 0.998187 1.14829 -0.740983 1.43921 0.411887 0.309806 0.187518 -0.75795 0.603513 
0.274413 0.864967 0.939553 -1.10267 1.10283 0.374645 -0.00675322 0.990591 0.16396 0.956053 
1.17081 0.0728802 0.371884 -0.95476 0.598389 -0.127162 1.25318 1.92814 0.950235 0.66197 
1.55871 0.206619 -0.434744 -0.439473 0.523554 0.568065 0.781366 1.02711 -0.288029 -0.269121 
1.10667 0.0573391 -0.555309 0.713718 1.10932 0.00676804 0.39202 1.07077 -0.577707 0.656265 
1.22271 -0.236285 0.162969 0.182283 0.475816 0.503808 -0.0129375 1.13194 0.0729937 1.06521 
1.39964 0.264997 0.180027 0.0589386 0.430741 0.976349 0.933484 0.0449364 0.249123 0.400877 
0.384389 0.550789 0.870891 0.234071 0.888157 -0.00679449 0.605471 0.79401 0.462033 0.886973 
-0.0122373 0.386873 0.321006 0.679584 0.619159 0.836695 0.471278 0.171984 0.769105 0.280124 
0.559587 0.692587 0.520646 0.305765 0.790551 0.372082 0.351329 0.247322 0.54207 0.757836 
0.165532 0.21247 0.456374 0.486312 0.865017 0.563128 0.746788 0.519395 0.257759 0.293466 
0.675588 0.836512 0.607379 0.50792 0.744407 0.987793 0.597766 0.651265 0.629048 0.415174 
0.998296 0.643576 0.391066 0.944305 0.797119 0.59702 0.988033 0.373191 0.0940899 0.22195 
0.604514 0.495625 0.604891 0.629633 -0.0342017 0.589912 0.844259 0.692783 0.890135 0.743402 
0.713392 0.498737 0.311771 0.713449 0.393723 0.251838 0.904814 0.604116 0.126901 -0.00877452 
0.283099 -0.145218 0.336664 0.984626 0.225434 1.3994 1.14077 0.0949927 0.449556 -0.543031 
0.0881166 -0.0168934 -0.141415 0.574398 -0.59912 0.925188 1.11088 1.17504 0.722075 -1.1783 
0.496122 -0.569709 0.155411 0.407303 -0.4104 1.23839 2.4285 0.441187 -0.16895 -0.90059 
0.876908 -0.721637 -0.857547 0.382722 0.207681 1.57652 2.34759 -0.403341 0.174052 -1.38008 
0.910057 -0.503398 -0.0902386 0.768072 -0.244836 1.61001 3.09288 -0.162958 -0.0627099 -2.20456 
1.43184 0.213011 -0.250014 -0.0840074 1.00445 0.559467 2.69659 -0.0192242 0.198202 -1.55678 
1.12237 -0.566503 -0.835472 1.10372 -0.465454 1.63253 2.19607 -1.23224 -0.21647 -1.30515 
0.388769 -0.742793 0.0570735 0.279286 0.207025 1.55595 2.19978 -1.6523 -0.461645 -1.4086 
1.04547 -1.00873 -0.358257 0.238342 -0.249237 1.11019 1.16326 -0.371698 -0.483317 -0.796152 
1.31394 -0.765136 -0.0500175 0.121502 -0.160539 1.64046 0.877032 -0.17626 0.464124 -0.847651 
1.48615 0.692842 0.211814 0.466334 0.274885 1.06799 1.63604 0.0371934 -0.115699 -0.276951 
2.74482 0.660752 0.112462 0.15543 0.333311 2.14409 2.19524 -0.155822 0.0913043 -0.147108 
2.10028 0.178225 -0.108351 -0.146021 0.771444 1.32413 1.38436 -0.0483013 0.0191138 0.414643 
2.00128 0.141979 0.217639 -1.2523 1.11837 2.40152 2.11077 -0.343702 0.201243 0.641015 
2.54608 0.0954149 -0.139173 -1.59161 0.000782914 1.85115 1.78818 0.271008 0.14208 1.25565 
2.29904 -0.856131 0.0874378 -1.55431 -0.0388734 1.51752 1.00714 1.22647 0.968075 0.535094 
2.45703 0.145552 0.45061 -0.893633 0.0551844 0.754969 1.60644 0.63453 0.417846 0.425494 
0.202589 0.506255 0.330067 -0.335241 0.704904 0.780238 0.512114 0.578664 0.0868924 0.0276227 
0.968333 -0.144668 0.183631 0.494678 0.0551511 0.263797 1.10863 0.680027 0.840544 0.495613 
1.30925 -0.270552 -0.0527889 -0.209289 1.01006 0.996135 0.94716 0.479746 0.147482 0.978809 
0.895798 0.443774 0.0246799 0.301155 0.356082 0.1493 0.561315 0.808775 0.377267 0.271428 
0.0094175 0.170619 0.837147 0.284012 0.117297 0.138901 0.0319769 0.508866 0.395697 0.392881 
0.540544 0.91586 0.988983 0.576403 0.682333 0.394147 0.767144 0.831141 0.464766 0.463454 
0.139317 0.484146 0.667684 0.956908 0.588977 0.636464 0.834101 0.206671 0.73516 0.0835292 
0.119175 0.622791 0.221503 0.773858 0.539384 0.0704672 0.208563 0.456954 0.653127 0.953093 
0.750664 0.677267 0.204566 0.405744 0.839106 0.769799 0.761437 0.507187 0.392651 0.0140996 
0.883902 0.915045 0.972357 0.602699 0.805376 0.833916 0.530602 0.582535 0.345713 0.703979 
1.01512 0.301339 0.584802 0.579257 0.292294 0.421451 0.217906 0.484362 0.127546 0.105407 
0.237247 0.527858 0.184969 0.392436 0.72288 0.954506 0.253928 0.717603 0.0293972 0.818099 
0.904854 0.43734 0.490128 0.270282 0.749932 0.755449 0.641572 0.242914 0.836225 -0.12863 
0.562969 -0.074891 0.408126 -0.101504 0.325364 1.60878 0.709027 0.637397 0.112417 -0.0911432 
1.40063 0.343204 0.0422087 0.459254 0.512805 1.55351 1.31268 0.293458 0.550502 0.264522 
2.06569 0.351607 0.730507 0.196436 0.295642 1.1372 0.330923 0.17462 0.571774 -0.188061 
1.3048 -0.849133 0.0624496 0.184117 0.38361 1.3309 0.718233 -0.425517 -0.212952 -0.0572116 
1.89431 -0.472465 0.974647 0.39486 -0.243955 1.74959 0.617248 0.229514 -0.0144014 0.000523523 
1.86136 -0.493532 -0.0289897 0.611155 -0.401956 1.66191 0.716922 -0.377327 -0.0487847 0.395775 
1.47366 0.369523 -0.0465331 0.561163 -0.584963 0.987562 1.44262 0.823963 0.427709 0.326486 
3.25081 -0.60299 -0.098159 -0.0671806 -1.35577 2.57339 1.38129 0.521076 0.202347 -0.0632488 
1.48689 -0.322404 -0.316437 1.21202 -0.519367 3.01889 1.50915 -0.28434 0.261474 -0.51639 
1.87921 0.159805 0.665942 0.896953 0.76551 2.32152 1.63914 -0.771246 -0.508119 0.0170892 
1.64124 0.103256 0.316856 0.937194 0.590895 2.22478 1.19611 -0.562268 0.491817 -0.102535 
1.60104 -0.351215 0.363494 0.657542 1.13816 2.42461 1.52314 -1.20334 0.185543 -0.218101 
1.16757 0.449804 0.783159 -0.369348 0.113541 2.09824 1.57344 -0.555806 0.170337 0.480494 
1.66994 0.191697 0.0652512 -0.497234 0.741849 0.677893 1.62268 -0.281698 0.378765 0.885865 
0.972744 0.234951 -0.0914677 0.0593131 -0.103016 1.5324 1.3282 0.475652 -0.21954 0.0141026 
0.918139 0.936375 0.106255 0.137478 0.412232 1.20204 0.636686 0.572934 -2.05973e-05 0.399164 
0.71373 0.775796 0.173938 0.373522 0.341192 0.610406 0.0792008 0.794048 0.739217 0.0399227 
0.910677 0.903391 0.68257 0.920788 0.01558 0.386604 0.267689 0.789721 0.566503 0.497496 
0.871553 0.589068 0.0157059 0.208788 0.0846278 0.971062 0.639806 0.539995 0.957938 0.338127 
0.812769 0.483779 0.861171 0.0434889 0.595386 0.015656 0.90936 0.117557 0.26606 0.678426 
0.836116 0.774194 0.440901 0.354839 0.299905 0.616291 0.075045 0.386731 0.152898 0.955412 
0.131138 0.695578 0.703452 0.148015 0.194311 0.0613727 0.504501 0.35612 0.81634 0.216163 
0.698416 0.637562 0.869076 0.908017 0.449629 0.77279 0.689261 0.592059 0.496658 0.734336 
0.295358 0.904874 0.354289 0.204962 0.458022 0.57799 0.197455 0.0508744 0.90524 0.947386 
0.958159 0.156407 0.443617 0.714835 0.66625 0.526048 0.276803 0.117496 0.565905 0.0605487 
0.293331 0.162164 0.0348507 0.920161 0.669844 0.0803807 0.871678 0.830049 0.374106 0.646597 
0.821556 0.393212 0.173648 0.610897 0.362679 0.543939 0.680793 0.575661 0.786931 0.290743 
0.504273 0.172912 0.433426 0.229197 0.399514 0.21923 0.101853 0.0475079 0.534762 0.79643 
-0.0298338 0.901168 0.339097 0.974423 0.453907 0.127192 1.01638 -0.131263 0.224478 -0.0385293 
0.324619 1.09148 0.913765 0.674013 0.399611 0.716079 0.611346 0.78467 0.661766 0.540493 
0.530583 0.0592833 0.535056 0.964117 0.138532 1.08632 0.751714 -0.116317 0.292138 0.559367 
0.404833 0.523968 0.677978 0.248059 1.01134 0.723395 0.736514 0.0528467 0.787865 0.440624 
0.24399 0.171489 0.642494 0.70996 0.580349 0.831754 0.933049 0.565646 0.236827 0.569108 
-0.251577 0.200507 0.217782 0.373676 0.428028 0.536043 0.328113 0.214585 0.243278 0.213279 
-0.474362 0.681004 0.463786 0.21905 0.408579 0.582967 0.698115 0.779079 0.106542 0.144591 
0.711035 0.0695304 0.591486 0.379447 0.541661 0.626495 0.51787 0.21342 0.651287 0.401106 
0.494607 -0.354483 0.303404 0.181528 0.769627 1.1243 0.844958 0.19025 0.218079 0.648935 
0.172755 -0.022187 0.168657 0.944118 0.782221 0.790782 0.286761 0.131066 0.357325 0.496094 
-0.00669146 0.369265 0.0800603 0.774105 0.438863 0.603286 0.200816 0.507541 0.938976 0.0309596 
0.689002 0.688911 0.686051 0.304455 0.164067 1.14943 0.535422 0.321246 0.212749 0.648991 
0.830413 0.773405 0.62055 0.61956 0.600654 1.19735 0.744543 -0.1224 0.445428 0.120433 
0.973653 0.497712 0.720842 0.585788 0.885066 0.767155 0.434293 0.654872 -0.0342105 0.800063 
0.573318 0.802328 0.00642087 0.178981 0.671984 0.814874 0.669885 0.188737 0.698859 0.755775 
0.673627 0.0479398 0.923081 0.208887 0.501478 0.259662 0.390363 0.555747 0.768652 0.374321 
0.358999 0.0902369 0.415665 0.390785 0.979731 0.175843 0.898584 0.373393 0.835415 0.621843 
0.298013 0.0455641 0.531205 0.742363 0.0455947 0.00299081 0.997711 0.508255 0.707022 0.776299 
0.501053 0.241554 0.638386 0.00454726 0.501267 0.930021 0.273385 0.6957 0.547441 0.707968 
0.363781 0.630238 0.691092 0.741783 0.948119 0.57976 0.455885 0.445235 0.330363 0.495926 
0.895505 0.43141 0.849757 0.326579 0.770348 0.106815 0.722465 0.614978 0.37495 0.31492 
0.261599 1.78824 -3.59824 3.12322 0.856604 2.76975 8.06185 4.0699 -0.311997 -3.07998 
8.53257 -1.8627 -0.413039 1.02419 2.4496 -2.02661 -1.22043 -0.678912 1.55333 -0.212669 
-4.83396 3.81596 -0.19951 -5.94839 2.95501 -0.219116 -5.00269 -6.97859 -1.17391 0.471748 
-5.30161 1.62721 0.0221936 -3.84612 -4.97119 3.44272 -0.4181 -5.26362 -4.733 -2.45 
-4.10694 -1.51896 -0.371734 -2.62036 7.2428 -8.42565 0.0376221 5.8986 0.91556 -1.39438 
-2.56448 2.34245 -0.533673 0.955207 0.946914 0.96436 3.32928 5.16027 -11.5552 1.06386 
2.33256 6.88334 -0.425953 -4.13656 1.6472 6.308 4.29361 0.0854852 2.24512 4.64634 
3.84373 7.37502 -0.22561 2.90021 0.171151 5.1485 -4.59124 3.30359 1.65053 -1.60644 
-1.83687 -2.69278 -0.322954 9.17252 -0.646516 0.370477 3.6551 -9.93874 1.88294 3.30507 
-2.22325 -8.92083 -0.143329 -1.34414 0.429678 3.9323 2.11169 2.56613 0.461125 -4.88561 
3.8909 -5.51114 0.152096 3.56925 3.24563 -4.69418 -2.9912 -3.40387 -1.09931 0.0436905 
3.45966 1.05756 0.548261 2.47328 -4.11471 0.492183 6.27328 1.4099 11.3819 6.02618 
0.525245 -5.1052 0.101117 2.32165 -8.23674 0.0974503 -4.76739 -1.95725 1.87649 4.10462 
0.668389 0.0620972 -2.96305 0.358028 -6.07771 5.18269 -5.67592 0.107919 -5.08287 -5.64403 
0.302631 0.644242 0.146015 -0.0677836 -0.0172881 0.545886 0.41469 0.787244 0.482917 0.636296 
-7.35957 -8.67242 -1.24698 -0.0961317 -0.118312 2.27865 0.103261 -8.8347 1.53289 -1.81801 
0.1129 -7.84592 -1.15561 -7.11809 -1.27482 -5.85016 -0.187843 -1.62377 -1.80926 -2.78993 
-5.86399 -0.410465 -8.22689 -1.07311 -1.86941 -5.50136 -6.27186 0.514204 0.212926 -2.81727 
-2.88815 1.40393 -0.357761 -0.714899 -1.39108 -8.80057 0.52658 -2.80914 -2.81578 0.225467 
-1.16645 -0.296844 2.15507 5.80697 -6.00111 -4.95765 -6.09546 1.17965 -4.67299 -4.63603 
-2.37436 -4.3894 -2.31773 -1.99173 6.03958 -0.19853 -6.53317 5.25916 -5.21556 6.9538 
1.41147 0.0692073 -4.22967 4.72573 -1.39598 0.605532 0.511386 1.09189 -5.93483 -0.797952 
6.25308 9.51728 7.65166 -2.64615 4.34854 5.68833 8.86922 1.01576 5.90782 -3.93951 
