4
784 10 15 10 
0.148846 0.141523 0.312914 0.650672 0.677929 0.176489 0.330577 0.247042 0.890352 0.696552 
0.827223 0.00841673 0.579634 0.522852 0.224828 0.520212 0.939753 0.725147 0.857114 0.638726 
0.3288 0.949663 0.125614 0.650459 0.915963 0.107232 0.546358 0.754293 0.356249 0.968738 
0.0975391 0.650251 0.158305 0.688524 0.768647 0.506362 0.898658 0.792776 0.724244 0.0991898 
0.933528 0.659732 0.987734 0.394783 0.772052 0.0278073 0.036856 0.364437 0.765715 0.558667 
0.248501 0.304944 0.262579 0.988946 0.560668 0.451777 0.896194 0.901607 0.28916 0.166789 
0.148949 0.643563 0.492234 0.473819 0.863565 0.434151 0.781695 0.238156 0.844084 0.174825 
0.00398068 0.750638 0.21164 0.0133749 0.688786 0.0189513 0.668162 0.175897 0.664356 0.532196 
0.321998 0.110478 0.759782 0.783397 0.239825 0.465318 0.99237 0.343378 0.368925 0.938467 
0.140634 0.74031 0.997908 0.526637 0.130777 0.96047 0.403458 0.206892 0.110941 0.819509 
0.845302 0.578351 0.649937 0.00753276 0.560529 0.502108 0.94821 0.0806761 0.91832 0.262569 
0.471379 0.17751 0.388391 0.288913 0.917615 0.749605 0.48092 0.962056 0.918057 0.0807881 
0.313538 0.539442 0.382396 0.886339 0.945129 0.736439 0.893374 0.718366 0.201212 0.997267 
0.0676518 0.624145 0.0130295 0.932853 0.169924 0.572264 0.0997479 0.0237912 0.309037 0.186553 
0.967712 0.23689 0.852684 0.363388 0.0208176 0.164866 0.778431 0.285453 0.979813 0.715708 
0.867363 0.330122 0.976157 0.188624 0.829363 0.389304 0.81419 0.0686019 0.688678 0.264713 
0.954408 0.939607 0.412172 0.452264 0.246478 0.756234 0.12496 0.0860947 0.215388 0.642549 
0.864479 0.344118 0.994749 0.712134 0.237774 0.062991 0.581815 0.941438 0.922496 0.88103 
0.550623 0.636241 0.39853 0.661487 0.906222 0.515404 0.825191 0.48846 0.209682 0.941995 
0.463344 0.0213144 0.651973 0.340874 0.557525 0.480733 0.21585 0.324088 0.0740483 0.0499402 
0.598079 0.5652 0.21189 0.97611 0.0314606 0.946384 0.0830469 0.147104 0.675262 0.0128167 
0.475763 0.430538 0.730256 0.263186 0.103674 0.551908 0.919679 0.312727 0.246639 0.797363 
0.517966 0.455084 0.188945 0.315869 0.556188 0.653918 0.368863 0.312741 0.379002 0.500368 
0.628927 0.900447 0.204687 0.162474 0.497202 0.905734 0.841073 0.862841 0.877555 0.398398 
0.214549 0.908031 0.0852149 0.233535 0.873678 0.810658 0.605372 0.38423 0.117213 0.528842 
0.50089 0.342636 0.906579 0.35593 0.871533 0.383451 0.213365 0.49009 0.260146 0.952009 
0.973153 0.82271 0.427813 0.974005 0.27669 0.960535 0.393052 0.363485 0.981675 0.036414 
0.143771 0.505118 0.385244 0.315081 0.932831 0.999227 0.110148 0.143166 0.556031 0.447283 
0.881424 0.266883 0.527331 0.559768 0.322596 0.0480265 0.546546 0.365005 0.451994 0.617928 
0.178319 0.808895 0.0171975 0.484063 0.139875 0.513244 0.335682 0.640914 0.104412 0.986419 
0.793498 0.70097 0.432372 0.0604784 0.655532 0.0813133 0.729467 0.840119 0.348999 0.783544 
0.641725 0.937646 0.874636 0.786447 0.795192 0.287304 0.496769 0.593723 0.281974 0.307782 
0.379547 0.960848 0.601861 0.700844 0.311069 0.334841 0.46566 0.66684 0.186865 0.0416911 
0.366966 0.817808 0.396043 0.744513 0.327275 0.56547 0.775015 0.208031 0.719164 0.275952 
0.288336 0.902916 0.574214 0.97173 0.0489632 0.494093 0.306443 0.76358 0.941459 0.713154 
0.189089 0.1562 0.381318 0.633678 0.548797 0.825282 0.43516 0.862072 0.138803 0.497635 
0.911729 0.177954 0.471792 0.382384 0.683896 0.664055 0.427078 0.39874 0.790603 0.842821 
0.680255 0.238815 0.395864 0.450084 0.127821 0.44127 0.599187 0.961731 0.610542 0.656119 
0.982231 0.751483 0.350871 0.949695 0.16066 0.654797 0.537718 0.820179 0.770357 0.312175 
0.964694 0.956205 0.888819 0.400488 0.108403 0.13513 0.370977 0.707498 0.463598 0.973273 
1.0102 0.321071 0.874292 0.371306 0.963226 0.362595 0.0143822 0.399327 0.109678 1.05775 
0.757717 0.0643104 0.579802 0.942081 0.935618 0.895822 0.593476 0.825813 0.668289 0.840234 
0.387109 0.396158 0.673812 0.929283 0.515821 0.34126 0.621865 0.0370689 0.908459 0.822731 
1.02374 0.333027 0.84733 0.0950838 0.165367 0.467169 0.864853 0.826018 0.135303 0.899025 
0.334021 0.192217 -0.0835616 0.15437 1.06035 0.467221 0.727114 0.45086 1.01781 0.754585 
0.574762 0.0820613 0.0696002 0.499281 0.24305 0.0783962 0.89577 0.152935 0.244606 0.543325 
0.495873 0.442187 0.692599 0.854162 0.608369 0.786746 0.139606 0.570646 0.0972114 0.836001 
0.257779 0.0669365 0.17647 0.266832 0.412345 0.353805 0.947604 0.161007 0.421091 0.557701 
0.895514 0.148346 0.186558 0.850996 0.233408 0.00130545 0.967999 0.279223 0.146963 0.185261 
0.902211 0.0410086 0.165096 0.813022 0.4963 0.193616 0.00118123 0.250841 0.263345 0.0558313 
0.202559 0.968754 0.252741 1.05142 0.254401 0.512381 0.735127 0.60594 0.758832 0.907866 
0.691337 0.959131 0.937699 0.993757 0.446543 0.675625 0.566316 0.692643 0.462821 0.0166796 
0.377598 0.204351 0.643286 0.789311 0.796922 0.438746 0.0228718 0.734386 0.721188 0.358262 
0.275348 0.684639 0.542255 0.510504 0.0916749 0.0559307 0.0380883 0.976271 0.48217 0.568219 
0.302643 0.21142 0.369804 0.0827712 0.362531 0.820129 0.394237 0.819376 0.637056 0.793951 
0.323719 0.746985 0.906336 0.242842 0.984259 0.414655 0.93031 0.152504 0.116425 0.016719 
0.389473 0.197437 0.0554631 0.964977 0.289257 0.142059 0.656203 0.749581 0.497653 0.863106 
0.35315 0.377366 0.562423 0.518596 0.774117 0.159166 0.465899 0.900794 0.805575 0.136382 
0.483774 0.504603 0.523325 0.9181 0.783259 0.331433 0.886777 0.218691 0.942656 0.981418 
0.606782 0.875546 0.0173975 0.0390158 0.101548 0.623792 0.382436 0.313147 0.92794 0.415906 
0.814397 0.903526 0.599546 0.540095 0.302839 0.75592 0.254515 0.403842 0.894478 0.546717 
0.92852 0.120206 0.937382 0.5847 0.0468408 0.822528 0.342248 0.714324 0.865278 0.901283 
0.985999 0.736383 0.380676 1.00014 0.893763 0.283525 0.408223 0.799955 0.528343 0.0921344 
0.975626 0.27955 0.465829 1.12093 0.0274052 0.834285 0.0157352 0.413655 0.203342 0.950805 
0.63264 0.211466 0.578423 0.91019 0.643169 0.251988 0.834963 0.505351 0.254783 0.833095 
0.999121 0.359668 1.0221 1.1221 0.482197 0.551955 0.504597 0.227388 0.628313 0.390149 
0.478175 -0.300736 0.464784 1.2009 0.758086 0.184694 0.970357 0.469998 0.182296 0.634864 
1.10222 0.315362 0.962721 1.40052 1.11073 -0.569114 0.450958 -0.600763 0.0881701 0.8576 
0.343855 -0.181913 1.21903 1.84658 0.66018 -0.307444 -0.331155 -0.894073 0.892035 0.808685 
0.772035 0.446016 1.00942 0.74782 0.0683635 -0.0885148 -0.0642449 0.580066 0.144981 0.411752 
0.740938 0.24516 0.296578 1.28919 0.749999 0.0935036 0.0727337 0.352753 0.968794 0.897909 
1.02941 0.326489 0.737298 0.889805 0.218866 -0.135881 0.60989 -0.211597 0.320052 1.36219 
0.222007 0.429251 0.303589 1.23738 0.418753 0.214205 0.820141 0.251354 0.505373 1.03352 
1.05195 0.415734 0.717281 0.725406 1.14368 0.417473 0.741993 0.579916 0.398268 0.837274 
0.765559 0.56467 0.414132 1.2634 0.933055 0.172398 0.278338 0.360696 0.923843 0.750369 
0.45812 0.712492 0.642928 0.710076 0.549798 0.647983 0.212902 -0.135318 0.901788 0.789484 
0.742747 0.683745 0.622996 0.819045 0.490101 0.478918 -0.16003 0.510135 0.982776 0.739628 
0.460467 -0.0604307 0.256302 1.33565 0.0391926 0.20616 0.526016 0.373967 0.189138 0.531212 
0.627187 0.804641 0.583524 0.650864 0.560466 0.771188 0.314963 0.699298 0.236443 0.285016 
0.349481 0.570329 0.0291206 0.488358 0.0525715 0.811579 0.859809 0.539061 0.188711 0.988631 
0.52253 0.411541 0.0224219 0.676546 0.407166 0.830988 0.921247 0.917855 0.264205 0.619322 
0.260408 0.801169 0.792701 0.511973 0.729455 0.35097 0.612776 0.0290041 0.845944 0.821704 
0.707488 0.189793 0.228408 0.0135184 0.390419 0.255657 0.587582 0.56143 0.969203 0.542067 
0.593215 0.154349 0.748003 0.380276 0.0192034 0.670801 0.985671 0.808204 0.80347 0.628108 
0.625698 0.00786578 0.871474 0.34659 0.932826 0.0140959 0.12724 0.587319 0.697821 0.730872 
0.530462 0.953803 0.159847 0.786713 0.657305 0.834505 0.307087 0.257973 0.652886 0.165752 
0.712264 0.800207 0.974744 0.77818 0.545824 0.173668 0.905871 0.752344 0.96219 0.822942 
0.0109964 0.129664 0.446898 0.296448 0.827695 0.987151 0.430834 0.428657 0.849688 0.942417 
0.420744 0.733951 0.829972 0.692962 0.5688 0.30036 0.872865 0.55753 0.485989 0.445707 
0.252025 0.876292 0.962053 0.232059 -0.0108958 0.219074 0.0646545 0.495075 0.731975 0.0893103 
0.188212 0.587455 0.812685 1.01825 0.663395 0.0224203 0.382851 -0.0241192 0.469901 0.482143 
0.0514559 0.158395 0.468958 1.05823 0.690169 0.620139 0.949138 0.693081 0.266372 0.836284 
0.97239 -0.0562756 0.975842 0.67805 0.378206 -0.11591 0.475097 0.388678 0.806998 0.588063 
0.00741353 -0.426639 0.538933 0.834238 0.687995 -0.2749 0.160425 -0.506302 0.322102 1.00096 
0.247728 -0.597143 0.746431 1.09869 0.929507 -0.930989 1.30261 -0.0995104 -0.043135 1.69643 
1.14879 -0.718505 1.10112 1.67338 1.40227 -0.796736 1.23127 -0.345811 0.0871932 1.47571 
0.722576 -0.251178 0.208608 2.12506 1.2124 -0.465038 0.772633 0.179407 -0.358234 1.55768 
0.809037 -0.888693 0.806064 1.55577 0.729051 -1.27513 1.69158 0.325827 -0.503832 2.23101 
0.676323 -0.548512 0.599346 2.1066 0.34392 -1.13386 1.67296 0.0279539 -1.0061 1.18634 
1.10832 -0.552032 0.429365 1.68094 0.480597 -0.197632 1.15319 -0.22174 -0.599017 1.982 
0.776519 -0.566376 0.971775 1.46181 0.800886 0.173715 1.31576 0.100632 -0.0955471 1.4952 
-0.116447 -0.695639 1.53356 1.12786 0.48936 0.162089 0.644363 1.00183 -0.237939 1.13715 
0.416001 0.588496 2.43351 1.54991 0.224244 0.71928 1.03364 -0.595058 -0.382004 0.596707 
0.23721 0.169591 1.90096 0.977821 0.367306 0.351912 -0.2421 -0.19326 -0.251061 0.0788995 
0.283522 0.428509 1.23025 1.24879 0.799528 0.0786532 0.576544 0.178007 0.176741 0.341121 
0.813972 0.959254 1.28739 0.594235 0.509854 -0.0131289 0.0759572 0.371755 0.470185 0.383069 
0.924973 0.717049 0.924837 0.723159 -0.0867562 0.637271 -0.012648 -0.17255 -0.0982754 0.944482 
0.90835 0.185695 1.05238 1.16148 0.678726 0.31672 -0.00207532 -0.146877 0.946634 0.88366 
0.147744 0.0381524 0.208378 1.11833 0.32609 0.77259 0.23148 0.354967 0.846134 0.531163 
0.871886 0.426568 0.436514 0.370562 0.94535 0.917589 0.348013 0.209297 0.943498 0.321587 
0.99689 0.96654 0.512536 0.824629 0.420572 0.402384 0.635472 0.391422 0.245889 0.464345 
0.400634 0.350217 0.148953 0.694391 0.0838261 0.777677 0.788636 0.945696 0.998914 0.479179 
0.976137 0.600552 0.0945807 0.874664 0.160347 0.690105 0.644215 0.538541 0.924665 0.0377171 
0.9598 0.693897 0.63909 0.922059 0.52338 0.424627 0.932875 0.298679 0.458685 0.912318 
0.134525 0.126891 0.685101 0.377015 0.307486 0.697722 0.97497 0.537012 0.159522 0.918888 
0.428376 0.836934 0.307587 0.72788 0.715867 0.20233 0.165522 0.659502 0.126657 0.740367 
1.01353 0.267442 0.181264 0.963523 0.430673 0.610663 0.313502 -0.0220083 0.446216 0.432428 
0.327562 0.279512 1.06751 0.385149 0.538199 0.595544 1.07019 0.252534 0.499912 0.210988 
0.434548 0.735512 0.590683 1.10154 0.619308 -0.0796521 0.686257 -0.238802 0.446787 1.13223 
1.12269 0.568054 0.699857 0.788087 0.536693 -0.0556397 1.02264 0.769762 -0.159103 0.876492 
0.573467 0.225744 0.574643 0.355986 0.616392 0.443672 1.3782 -0.181681 -0.506936 1.46944 
0.319919 -0.0272053 0.759956 0.941284 0.701828 -0.471533 2.25498 -0.25531 0.250242 1.14141 
0.549371 -0.060231 0.401082 0.262942 -0.203838 -0.625639 2.12772 0.777523 -0.505652 1.38077 
0.473582 -0.143939 0.300376 -0.230811 -0.0467276 -0.314417 2.28549 1.38411 0.0265182 1.4165 
0.473569 0.412823 0.387592 0.243235 -1.07132 -0.487145 1.30009 0.145883 0.118215 1.42029 
0.574121 -0.782286 0.641094 0.0423088 -1.09031 -0.483089 1.47754 0.0109008 -0.00853355 1.53744 
0.279296 -0.508507 0.537298 0.0850002 -0.944577 0.127983 -0.17039 0.228736 -0.598941 0.716499 
-0.0414919 0.51066 -0.0783716 0.0820109 -0.547301 -0.391354 0.733008 0.0595568 0.402112 0.600457 
0.26461 0.662271 0.234046 0.0460907 -0.24138 0.545327 1.03773 -0.261581 0.692785 -0.111489 
0.304579 0.628064 1.08066 0.319239 0.189323 -0.160495 0.526293 0.0997651 0.753464 0.280548 
0.095197 0.729581 0.915488 1.14867 0.56415 0.18428 0.571092 -0.46251 0.0830612 -0.116683 
-0.734166 0.826094 0.728241 0.723002 -0.614133 -0.108688 0.324299 0.0726275 -1.03247 -0.0117697 
-0.255091 0.264098 0.551619 1.06847 -0.16549 0.445532 -0.515707 0.612907 -0.695267 0.571435 
-0.413757 0.566765 0.451781 1.02577 0.116652 0.293059 -0.447885 0.345293 -0.33196 0.416996 
-0.0901284 0.214254 0.681198 0.725835 0.165843 0.039251 -0.204126 0.0632203 -0.191179 -0.0550632 
0.431577 0.782242 0.866097 0.784169 0.665962 -0.19937 0.0922379 0.460588 -0.202404 0.262813 
0.943398 0.316662 0.129438 0.30124 0.300894 0.348194 0.683072 0.00451578 0.897543 -0.0331298 
0.563023 0.586159 0.149189 0.340599 0.957209 0.570781 0.818092 0.998637 0.118315 0.482064 
0.164125 0.343727 0.540591 0.171806 0.329333 0.0344017 0.893633 0.175821 0.258668 0.378278 
0.0283908 0.577073 0.0725809 0.130871 0.97273 0.61818 0.80345 0.630951 0.0263539 0.0695484 
0.567727 0.778005 0.765742 0.0784477 0.42678 0.676339 0.0736227 0.845135 0.935638 0.0672762 
0.112313 0.206932 0.0843868 0.92006 0.653658 0.30445 0.572719 0.268935 0.685699 0.393881 
0.482725 0.833698 0.676063 0.631779 1.00164 0.441668 0.475515 0.193544 0.37814 0.795182 
0.0852176 0.21327 0.738463 0.481347 0.437101 0.556232 0.285443 0.497662 0.210391 0.71505 
0.848936 0.143221 0.0736728 0.308492 0.535786 0.829385 0.744003 0.0889857 0.413782 1.11526 
0.673186 0.547589 0.884956 0.0460692 0.15876 0.0607423 1.06147 0.557146 -0.541202 1.0978 
-0.245174 0.316185 0.986416 0.245403 0.267646 0.613074 1.394 0.000662327 -0.29103 0.85103 
0.24415 0.251566 0.664287 0.0799294 0.311262 1.00829 0.777815 0.714042 -0.866793 0.963957 
-0.655739 -0.68636 0.350128 -0.130938 0.898662 0.515733 1.812 0.010725 -0.137949 0.387878 
-0.897326 0.480571 0.97383 -0.659746 -0.0648205 1.12701 1.08955 0.259515 0.595111 -0.454334 
0.56591 -0.169106 0.398954 -0.202019 0.411953 -0.048123 1.55216 -0.532867 -0.0961433 -0.10935 
0.790769 -0.0201174 -0.472467 -1.21541 -0.472006 0.57304 1.21526 -0.730428 1.60742 0.1779 
0.15646 0.0183169 0.360003 -0.579146 -1.12801 0.125879 1.22134 -0.99356 0.303615 -0.161219 
0.608722 0.050205 -0.417637 0.32881 0.167731 0.551477 1.96466 0.0561924 0.792293 -0.00122676 
0.622216 0.0952813 -0.45577 0.336616 -1.21115 0.218346 2.64037 -0.688076 1.74893 0.438544 
0.264112 -0.765271 -0.430408 -0.403422 -0.259218 0.8309 1.41248 -1.15369 0.0156351 0.467222 
-0.0456278 0.306436 0.572777 -0.298534 0.380542 -0.589181 2.025 -1.29906 0.354904 -0.38457 
0.69736 0.0753998 0.904525 0.894716 0.225204 -0.356402 0.88077 -0.990897 1.70324 -0.897156 
0.086747 -0.653992 -0.523871 0.58029 0.390761 -0.422812 0.627793 0.615443 0.387698 -0.501648 
0.66126 0.013515 0.184252 1.19316 0.076063 0.243618 0.0409739 0.104478 -0.0837187 -0.710949 
-0.109118 0.013925 -0.0518672 0.639702 0.184504 -0.876327 -0.649992 0.104655 0.536073 -0.298421 
-0.625706 0.0476451 0.0832415 0.127702 -0.465843 -0.603495 -1.1383 0.007909 -0.0306232 -0.746911 
-0.20117 1.32043 -0.0391176 -0.215279 -0.345943 -0.425782 -1.22205 0.0803837 -0.0856866 -1.07213 
0.188693 0.60678 0.829519 0.983042 0.0580681 -0.615134 -0.881072 0.102427 -0.198182 -1.23312 
0.419792 0.689722 -0.011765 0.376217 0.764321 0.576832 0.784874 0.472413 -0.126754 -0.182693 
1.24056 1.42461 -0.101596 0.902086 0.39538 0.498297 1.18298 0.939282 0.413769 0.363684 
0.417213 0.80494 0.478979 0.435086 0.503974 0.482222 0.621348 0.212095 0.73182 0.630926 
0.917239 0.782295 0.258945 0.354217 0.74706 0.430583 0.236246 0.897203 0.865251 0.0560985 
0.702354 0.942602 0.749357 0.138946 0.855879 0.5983 0.553556 0.0577487 0.184156 0.146319 
0.961645 0.731021 0.330111 0.644832 0.337441 0.944505 0.796007 0.52359 0.0944315 0.849971 
0.453319 0.584875 0.658498 0.639049 0.65657 0.821961 0.050981 0.82255 0.609724 0.438046 
0.276686 0.166215 -0.0450704 0.719149 0.764784 0.807473 1.25933 0.210648 0.251062 1.16112 
0.789181 0.692442 0.453587 0.347626 0.882746 0.703372 0.696501 0.650019 -0.268333 0.319402 
0.0967591 1.10704 0.347807 -0.0984921 0.925326 0.56286 1.47989 0.677625 -1.19974 0.3733 
-0.0542567 0.159593 0.785164 0.286472 0.525468 0.491569 0.548725 0.58782 -0.266535 0.226765 
-0.970858 -0.23865 1.2679 0.258289 0.0932915 0.186831 -0.352232 0.891832 -1.01297 0.472194 
-0.240015 -1.14179 0.476559 -0.245497 0.572472 0.655378 0.579553 1.00054 -0.417882 0.933791 
-0.282124 -0.240357 0.371339 -0.403286 0.872761 0.99327 -0.398199 0.0635517 -0.124195 -0.471923 
0.0614551 0.659039 0.000201849 -0.661865 1.16524 0.194944 1.03472 0.452008 0.275579 0.352942 
0.506784 0.0781342 -1.1799 -1.19884 -0.174016 0.474607 2.24284 -0.327031 -0.0566763 0.42111 
0.554071 -0.404386 -1.69393 -1.50012 0.512386 0.156901 1.9073 -0.816888 0.0357978 0.023 
0.0414437 -0.465139 -2.20258 -1.1469 0.76267 0.776827 2.10399 -0.995616 -0.110899 -0.46802 
-0.190135 -0.323599 -1.96043 -0.843407 0.874682 0.560573 1.1733 -0.472517 0.547199 -0.00123273 
0.424343 0.0139589 -1.77978 0.206039 1.00862 0.894269 0.617175 -0.103694 0.797868 -0.104165 
0.736609 -0.722926 -2.30122 0.1188 1.06994 1.23843 0.21513 -0.357535 0.0742978 0.763806 
0.890219 0.501314 -1.40946 -0.869755 0.244786 1.13563 -0.921236 0.11702 0.339141 -1.18521 
1.16028 -0.738146 -1.2604 -1.5633 0.738881 -0.0195938 0.693459 0.74444 -0.0848012 0.319201 
0.731061 -0.231583 -0.940373 -0.800663 -0.27457 0.198242 0.0382738 0.239367 1.61736 -0.150632 
0.451975 0.0654608 -0.713463 -0.457119 -0.191976 -0.932529 0.682025 -0.2565 0.544573 -0.482912 
-0.687114 0.133467 -0.0783758 -0.839591 -0.139453 -0.448745 -0.295849 0.419935 0.112881 0.129976 
-0.633194 0.30276 0.605421 0.187017 -0.145691 -0.602004 -0.773076 -0.517239 0.40017 -1.32767 
0.671226 1.53251 1.09205 0.233078 -1.3404 -0.316038 -0.655025 -1.01236 0.985042 -0.67794 
1.72804 2.56502 0.4057 0.639023 -0.292528 -0.21505 0.471814 -0.481522 0.121417 -1.08819 
1.78523 1.98104 -0.00678126 -0.0193946 0.216415 0.227715 0.617119 -0.123157 0.422212 -0.79158 
1.35829 1.6801 0.500177 0.352664 0.700653 0.250385 1.1616 0.64075 0.160937 -0.133632 
0.221537 1.07996 0.443086 0.34404 0.389331 0.702378 0.865956 0.144519 -0.0569027 0.610977 
0.414996 0.422093 0.764119 0.808035 0.486841 0.45945 0.708214 0.392332 0.750862 0.840422 
0.371978 0.913028 0.571654 0.974264 0.471326 0.133166 0.828124 0.627044 0.494331 0.41799 
0.451827 0.180055 0.252871 0.280963 0.0609071 1.08987 0.639706 0.598596 0.525986 1.00265 
0.553732 0.473077 0.114289 0.427681 0.383294 1.12592 0.405798 1.14468 0.0835398 0.682447 
0.757171 0.849337 0.742265 -0.0792101 0.827411 0.112734 1.22701 0.719507 -1.34872 1.71053 
0.306432 0.998207 0.550512 0.743944 0.640561 -0.248251 0.423649 -0.00498949 -1.13443 0.861868 
-0.891361 0.475329 0.0716754 -0.362494 0.271906 -0.42429 0.32684 0.760712 -1.21055 0.599824 
-0.667708 0.248633 0.327417 0.660353 0.110724 -0.477638 -0.454046 0.724841 -0.272699 -0.20109 
0.470369 1.36587 0.145862 -0.121089 0.118128 -0.206843 0.367447 0.350088 0.972567 -0.101264 
-0.516877 0.451872 -0.254088 0.0137482 1.03632 -0.398163 1.38112 0.689282 0.528724 -0.823797 
0.224359 -0.050672 -0.825533 -1.35287 0.597701 0.0514191 1.81447 0.293924 0.864496 -1.11522 
-0.407764 -0.3625 -0.841605 0.0947533 0.287979 -0.152729 0.941918 0.323193 0.866121 -1.48985 
0.475166 -0.220663 -1.43794 -1.65873 1.03605 0.281105 0.910557 0.721938 0.227863 0.152441 
0.196579 -0.797832 -0.897913 -1.40532 1.1218 0.365512 1.03202 -0.723666 0.148184 0.203531 
1.2618 -0.542569 -0.906044 -0.50311 1.85091 0.960304 -0.476894 -0.96268 -0.944209 -0.848195 
0.661867 0.069804 -1.77279 -0.874536 1.4818 2.02011 -0.491313 0.484654 0.628039 0.384405 
0.12603 0.0969883 -1.5501 -1.27055 1.07074 0.878274 -0.291914 0.842191 0.102478 0.452354 
0.494273 0.0114936 -0.779289 -1.48321 0.521022 -0.0848148 -0.435958 1.15823 -0.760196 -0.220584 
0.201218 -0.108691 -0.936328 -2.33778 -0.418626 -0.194671 -0.569705 1.04641 0.441199 -1.08007 
0.082293 0.757481 -0.486405 -2.83121 -0.369006 -1.36654 -0.110638 0.491556 -0.541483 0.0877876 
0.632788 0.579312 -0.915091 -2.20072 0.38469 -0.0927266 0.393465 0.539564 -0.745721 -1.04579 
0.477539 0.335324 -0.399903 -1.81316 -0.281618 -0.236778 -0.154948 0.628413 0.601468 0.20077 
-0.812835 -0.310997 0.508589 -0.0843497 -0.400363 -0.841137 -0.103431 -0.0200637 0.409903 0.0154041 
0.145246 1.56346 0.282246 0.655118 -1.25718 -0.0854775 -0.191725 -0.087354 1.44259 -1.1669 
2.3076 3.15104 0.761772 1.05852 -1.16899 -0.361682 0.82155 0.0459015 0.375356 -1.14869 
2.15916 2.99839 0.11919 0.525262 -0.351543 -0.194578 1.8473 0.37507 -0.230059 -1.21454 
1.29038 1.35107 0.828974 0.53587 0.760694 0.561765 1.17107 0.46824 0.301936 0.288171 
0.0820703 0.737907 0.490841 0.327754 0.635174 0.0620248 0.0929193 0.329009 0.341777 0.864176 
0.158508 0.417306 0.529919 0.951944 0.64476 0.527052 0.988016 0.71134 0.406406 0.784124 
0.517048 0.250635 0.12388 0.564608 0.222563 0.892721 0.902133 1.05548 0.753947 0.384622 
-0.446889 0.968931 0.131611 -0.089414 0.555892 0.263414 0.858276 0.587599 0.334273 0.286803 
0.570023 1.28222 -0.174085 -0.252569 0.633579 1.17006 0.722586 1.01177 -0.919101 0.974536 
0.463146 1.24094 -0.484724 -0.324504 1.38972 -0.0423575 1.84451 0.7803 -1.95715 1.74722 
0.0236836 1.06929 0.300345 0.429486 0.0526231 0.373153 0.0193192 0.873129 -0.634923 0.698647 
0.190494 -0.111691 0.0161626 -0.912098 -0.16389 0.905084 -0.255715 0.648314 -0.710666 0.800092 
-0.149582 -0.22113 -0.923932 -0.269493 -0.1435 0.0842874 -0.363618 1.20743 0.0120322 0.828995 
-0.891931 0.260713 -1.05197 -0.454631 0.519807 0.579215 -0.784463 1.75912 0.907761 -0.316871 
-0.0427732 0.388903 -0.475311 -0.460096 0.13876 0.191866 -0.62775 0.520996 0.640871 -0.673228 
0.426481 -0.951235 -0.608813 -0.119489 1.14242 -0.592718 -0.734289 0.468137 0.0296084 0.232789 
0.110039 -0.602135 -0.999315 -1.1272 1.53274 0.363728 -1.51673 1.12562 0.654725 -0.268001 
0.321431 0.24357 -1.76954 -1.22352 1.41239 0.292768 -1.68647 1.49525 -0.402356 0.509697 
1.46152 0.224697 -0.622776 -1.38194 1.12109 0.387135 -0.908218 1.56762 -0.38051 1.30531 
1.37073 -0.834675 -1.52391 -1.41184 1.8598 1.01214 -0.773846 1.91261 -0.0185603 0.338953 
0.594612 -0.241337 -0.491419 -0.186195 0.598658 0.789847 0.072461 0.316435 -0.530709 1.05009 
-0.0488358 -0.723364 -1.79631 -1.51534 -0.720581 0.447383 0.594937 1.07941 0.500036 -1.22158 
0.0927642 0.153361 -0.689893 -1.02892 -0.533791 -0.085849 -0.300715 0.68758 -0.420079 -0.436684 
0.233527 -0.223663 -0.216036 -2.42791 -0.347826 -0.22074 0.624196 0.73665 -0.00647929 0.19579 
0.123709 0.439257 -0.140867 -1.62463 0.0607242 -0.0837893 0.612105 0.573102 0.347721 0.35873 
0.303981 -0.129337 -0.10148 -0.551847 -0.326278 -0.355832 0.35574 0.640195 0.113085 -0.390542 
-0.445566 0.703812 0.662481 -0.707674 -0.357322 0.428464 0.419845 0.454561 0.498489 0.407765 
0.358526 -0.18892 0.108027 -0.664482 0.348938 0.260413 0.469091 0.847641 0.653635 0.268417 
0.486566 0.893749 0.656617 0.344189 -0.97553 0.456 0.818138 0.986258 2.40486 -1.57418 
2.36364 3.12367 0.0848584 0.722382 -1.27515 -0.105549 0.736423 0.094054 2.32242 -2.31804 
2.00658 3.15608 0.366101 0.506969 -0.203991 -0.260606 0.961165 0.128297 0.516753 -1.50442 
1.22474 2.00424 0.467505 0.212826 -0.0349509 0.0949699 0.960265 0.206028 -0.0301282 0.126003 
0.87951 0.867051 0.172156 0.538986 0.76865 0.392462 0.847331 0.139957 0.511592 0.331819 
0.61066 0.578643 0.0491096 0.71017 0.435584 0.859292 0.134508 0.131965 0.777091 0.115588 
0.102941 0.112978 0.349851 0.180096 0.00243855 0.800033 0.0663861 0.211169 0.712392 0.196628 
0.103643 0.382248 -0.0041506 0.363076 0.250904 0.569929 0.567174 0.700403 0.571154 0.41568 
0.320305 0.572454 0.0301373 0.203208 1.08686 0.969078 1.54986 1.93751 0.000179209 0.383478 
0.279348 0.746394 -0.300967 0.3242 0.569703 0.686334 0.63799 0.628242 -0.783144 1.68065 
-0.788096 0.112799 0.552343 0.849406 0.711418 -0.585682 -0.300972 0.926826 -0.303354 1.06728 
0.0713547 -0.22718 -0.406768 -0.712488 0.379815 0.683741 -0.0770985 1.04275 -0.360736 0.545657 
0.410428 -0.694701 -0.337481 0.17279 0.835659 -0.548852 -0.22778 0.473679 -0.301576 0.491754 
0.663123 0.673561 -0.152423 0.732971 0.527795 0.208551 -0.410261 -0.162392 -0.203801 0.0201969 
-0.14215 -0.408659 -0.445014 -1.14512 0.937303 -0.157516 -2.11506 0.525883 0.583542 1.50307 
0.817923 -0.237474 -0.912695 -1.45151 2.28055 0.952035 -2.71021 0.992388 0.286712 0.0772626 
-0.105325 0.414766 -0.00223806 -1.4038 1.59772 -0.806247 -3.80472 1.34823 0.972621 -0.447851 
0.228495 -0.33225 -0.30665 -0.234467 1.32098 -0.667049 -4.12539 0.646909 0.308085 -0.614413 
1.17361 -0.636652 -1.02664 -1.10026 0.727466 1.04035 -2.04585 2.2112 0.509752 -0.59424 
0.917115 -1.62566 -0.621913 -0.483656 0.0395484 0.138349 -0.108796 2.69653 -1.83315 1.71174 
0.612231 -0.355736 -1.71281 -0.974411 -0.100023 -1.17788 1.03032 1.73319 -1.61432 -0.471394 
-0.141998 -1.08425 -0.476463 -1.17264 -1.1196 -0.785282 1.23208 1.65376 0.176858 -0.146557 
-0.277289 -0.170686 -0.0459933 -1.43984 -0.34275 0.457535 1.34012 1.16837 0.53913 -0.401985 
-0.614977 -0.261391 -0.00719844 -1.05642 -0.287245 -0.0843116 1.33682 0.870374 0.282935 0.0387209 
-0.942732 -0.820812 0.208944 -0.266506 -0.334602 1.10396 0.80118 1.44803 1.13916 -0.785625 
0.551605 0.207278 0.731917 -0.864368 -0.568542 0.396612 1.36905 1.11313 1.00446 -0.866183 
0.310959 0.966159 0.571768 -0.187265 -0.8576 -0.0581503 0.961533 1.21257 0.726968 -0.605457 
1.43877 0.47031 0.35056 -0.0386108 0.196138 -0.185816 0.797772 0.80448 0.876556 -0.729916 
1.53976 1.20012 0.641488 0.285861 -0.729516 -0.61835 0.777712 1.00806 2.08962 -2.34544 
2.97908 3.03017 0.571106 0.311028 -0.822634 -1.08079 0.912071 0.590009 1.44328 -3.04347 
2.56369 2.35349 0.153768 0.788351 0.123964 -0.804474 1.93009 0.13546 0.797208 -2.12728 
1.40529 1.9015 0.563176 0.483121 0.467327 -0.169199 0.699678 0.698406 0.241661 0.604168 
0.595666 0.934457 0.413733 0.699152 0.747215 0.691876 0.319106 0.831923 0.596279 0.098437 
0.608612 0.200356 0.00758196 0.307177 0.372578 0.410422 0.770685 0.248208 0.689701 0.57693 
0.161907 0.407418 0.538093 0.809099 0.260998 0.301376 0.508554 1.01738 0.328651 0.893997 
0.267626 0.40774 -0.0619753 0.388459 0.605852 0.339437 0.956019 0.900804 0.407927 0.641255 
0.645906 0.716259 0.252197 0.304974 0.607344 0.444269 1.35009 1.0389 -0.209595 0.580119 
-0.0811048 1.33126 -0.277541 0.122701 0.479242 0.0859256 -0.170739 0.753022 -0.887532 1.28053 
-0.0725262 0.173849 1.26218 0.114454 0.254869 -0.68405 -0.331337 -0.0319375 -0.436751 0.425431 
0.14918 -0.146609 -0.260168 0.570855 -0.308297 0.259242 -0.747901 0.69997 0.00304608 0.434598 
0.460868 -0.0485808 -0.19547 1.09234 -0.0376301 -0.632163 -1.82418 0.264131 0.26003 0.755498 
-0.222967 0.712645 -0.331308 -0.163562 0.757492 -0.799166 -2.87901 0.431079 -0.3349 -0.290141 
-0.258 1.57927 0.331376 0.342705 0.824092 -0.142314 -4.01901 1.23353 1.54473 -0.958269 
0.405069 1.27714 -0.389657 -0.113965 -0.515625 0.3079 -3.76656 1.00739 0.842617 0.133133 
0.619937 1.11291 -0.504734 0.742544 -0.762284 -0.87716 -2.83144 1.03336 1.37473 -0.660492 
0.925081 0.613171 -1.4359 0.202866 -1.79647 -0.0180973 -2.58056 1.5252 0.911142 -1.40167 
1.74709 -0.116769 -1.48936 0.378816 -3.11408 0.176912 -2.04915 3.31798 -0.0666552 -0.47827 
1.96391 -0.434287 -1.99423 -0.60567 -2.39683 0.2616 -1.20338 2.2884 -2.25836 2.13735 
-0.77522 -0.360098 0.204101 -0.0499041 -2.0228 -0.609156 -0.686804 0.733672 -2.06706 1.00198 
-0.281732 -0.562536 -1.08873 -0.848973 -1.07913 0.305214 1.34408 0.714251 -0.620206 1.23933 
-1.12622 -0.988903 0.75278 -0.355661 0.602163 0.27259 1.05782 0.366684 -0.0914059 0.313927 
-0.283093 -0.243339 0.0346508 -0.757301 -0.591445 0.263842 0.750556 0.504464 -0.277159 0.171702 
0.00650785 0.00667617 0.416246 0.254531 -0.83678 1.09404 1.20661 0.585544 1.20701 0.513068 
1.37078 0.786488 0.0523786 0.20413 0.442128 0.978871 1.08776 1.27752 0.57882 0.0419139 
-0.0765177 0.4437 -0.289493 0.233382 -0.996011 0.673505 1.11484 1.07703 0.411929 -0.224834 
0.782546 0.42792 0.10726 0.281788 -0.594429 0.413798 0.85612 0.860264 0.470151 -1.09362 
1.60909 -0.345958 -0.597878 0.938536 -0.0360758 -0.149362 0.770933 1.67245 1.56974 -1.29811 
2.19142 0.900337 0.508125 0.894742 -0.0681706 -0.561065 1.15283 0.250094 1.06574 -1.56761 
2.02033 1.79206 0.590972 0.323784 0.701067 -0.559508 1.20665 0.666521 0.271829 -1.22805 
1.11968 0.841977 0.48147 0.633165 0.487656 0.378668 1.16478 0.902353 0.831778 -0.376076 
0.973026 0.643358 0.221044 0.562739 0.212804 0.911045 0.488494 0.509456 0.0704957 0.47202 
0.169927 0.0458324 0.300553 0.451622 0.110173 0.825755 0.11153 1.01718 0.565261 0.190455 
0.608662 0.88598 0.0801491 0.2455 0.680001 0.263611 0.618016 1.05477 0.0185408 0.371426 
0.000148527 0.921142 0.177147 0.873864 0.918709 0.455125 0.599897 1.12243 0.610466 0.509971 
1.17192 0.979394 -0.284238 0.626275 -0.0990277 0.514402 0.258865 0.916323 -0.36224 0.333448 
0.45509 1.41179 -0.294437 0.220509 -0.817543 0.194786 -0.736895 1.1759 -0.249573 0.557044 
0.311645 1.20552 -0.259105 0.271599 -0.809901 -0.100496 -1.65002 0.160441 0.742776 0.716962 
-0.222099 0.65247 -0.512352 -0.152522 -1.69839 0.154845 -1.59283 0.905246 1.65969 -0.279108 
0.0587921 1.99401 -0.370593 0.549235 -2.2568 0.732333 -2.15281 0.77194 1.44303 0.609417 
0.0454729 1.01437 -0.350469 0.0610074 -1.98774 1.16594 -3.59321 0.342108 2.05416 -0.340631 
0.229357 1.80789 0.604199 1.44487 -3.12861 0.182571 -3.137 0.838091 1.8743 -0.532981 
-0.0379054 1.37746 0.209498 0.787776 -4.10472 0.821532 -1.50109 1.1481 1.49584 -0.401554 
0.271827 1.02731 -1.02524 0.775928 -3.96373 0.515011 -0.992597 2.16844 1.42215 -0.631381 
0.774697 1.80667 0.000219374 1.39673 -3.40783 -0.841488 0.390539 1.76007 0.829991 -1.51186 
2.41215 2.23416 -1.70381 1.1794 -4.27669 -0.214036 -0.276451 2.63555 0.350645 -1.35669 
1.62054 2.5351 -1.68465 0.188423 -3.68035 1.37914 -1.15526 0.654399 -2.0462 2.41262 
-0.965795 1.65239 -1.33947 0.0686281 -1.19321 1.06452 -1.06599 0.569592 -2.51937 1.82875 
-0.394091 -0.479682 -0.436121 -0.116402 -0.0832411 0.847119 -1.13319 -0.45165 -1.26242 0.53795 
-0.135734 0.186817 -0.3809 -0.804188 -0.321816 1.90865 -0.236397 0.0181747 -0.68415 0.383916 
0.284104 -0.352877 -1.03085 -0.483805 -0.442088 0.447796 -0.304146 0.753149 -0.340654 1.94849 
0.127401 -0.758542 -0.30305 0.561283 0.00894579 1.77642 0.558812 0.478656 -0.57224 1.77613 
-1.00889 -1.07347 -1.11795 0.443449 -0.218586 1.97031 0.379851 0.306308 -0.256104 2.6058 
-0.969447 -1.23122 0.0906778 0.719871 -1.31607 2.93277 -0.00886074 -0.120896 0.52936 1.42443 
-0.057377 -1.06137 -1.36 0.0451439 -0.313711 2.46362 0.33969 1.02001 0.986884 1.75025 
0.654165 -0.861514 -0.932352 1.10901 0.0761821 0.250422 -0.471417 0.881686 1.71978 1.4089 
0.68176 -0.123177 -0.909461 0.348152 0.175012 0.327475 0.577818 0.589887 2.02067 1.11795 
0.731985 0.958879 -0.0359065 -0.185099 0.521875 0.027408 0.887029 0.634573 0.618287 0.653058 
0.954498 0.572261 0.688625 0.00412248 0.87073 0.516257 0.505367 0.494165 1.09706 0.576093 
0.654799 0.05002 0.148156 0.856099 -0.00161304 0.847566 0.7459 0.268411 0.86068 0.899724 
0.831303 0.812053 0.695196 0.390649 0.341043 0.793357 0.823419 0.141029 0.019319 0.581035 
0.587515 0.114964 0.650969 0.303297 0.390519 0.456957 0.887561 0.636489 0.0864875 0.0620904 
0.341231 0.0872926 -0.266772 0.0541591 0.635413 0.00968125 0.760737 0.741272 0.124079 0.75724 
0.16277 0.72164 0.571361 0.414287 -0.523068 0.915245 0.329598 1.44799 0.0380296 0.375812 
-0.392157 0.970206 0.542052 -0.0707954 -0.379249 0.835042 -1.29263 0.738314 -0.195194 -0.0943678 
0.872653 1.98432 -0.0369458 -0.0324082 -1.55913 0.904914 -1.27795 0.83158 0.864134 -0.0219697 
-0.446349 1.45418 -0.342937 0.39203 -2.21982 0.888427 -2.24121 0.564265 0.358825 -1.35996 
0.0909217 1.6167 -0.683818 -0.364867 -3.13754 1.13639 -1.993 0.246658 1.075 -0.973643 
-0.25588 0.815309 0.447115 1.04513 -3.09325 0.242518 -0.533864 0.290791 1.2228 -1.25421 
0.320576 1.12521 -0.131399 0.501984 -3.34903 0.716661 0.439536 0.425858 0.298465 0.463056 
0.319914 1.33926 0.96361 0.697205 -3.21707 0.0735843 1.64857 0.515683 0.489585 -1.71153 
-0.232394 1.31917 1.55335 1.26382 -2.5464 -0.279589 1.88716 -0.76611 0.399714 -1.47223 
-0.943223 0.855177 2.09778 1.41893 -2.27097 -0.195222 1.50237 -1.19018 -0.0154712 -1.08784 
1.28126 1.46672 0.720689 1.07424 -0.815131 0.00708246 0.751765 -0.897281 0.610695 -0.202962 
1.43523 2.28905 -0.880031 -0.349375 -0.310487 0.565668 -0.31375 -0.968484 -1.57932 2.75681 
0.221647 1.67877 0.297772 1.04776 0.152598 1.36451 -0.693286 -0.451114 -0.588673 1.59616 
0.0264056 0.725149 -0.00310935 1.28602 0.064337 0.915683 -0.418403 0.181344 -1.15067 1.16878 
0.4108 1.12499 -1.1152 -0.540229 -0.401327 1.82015 -0.509301 1.02502 -0.0432891 1.3208 
-0.683461 0.886081 0.100569 -0.170958 -0.502872 0.57876 -1.20877 -0.325017 -1.6163 0.444441 
-0.114991 -0.496402 -0.444886 -0.774158 -0.14298 1.67331 -0.269374 -0.682457 0.208611 1.54337 
-1.47253 0.0341318 -0.514698 -0.142988 -0.566278 0.777459 0.040265 -0.348227 0.16711 0.892432 
-0.564932 -0.619943 -0.465894 0.314932 -1.36017 1.88531 -0.121988 -0.0361007 1.40845 1.46857 
-0.36406 -1.02734 -0.215767 0.754028 -0.515357 1.80082 -0.971311 0.449353 2.40669 0.704191 
-0.137935 -1.16658 0.0206185 1.29891 -0.272188 0.542403 -1.87648 -0.292458 3.08644 0.999417 
0.180589 -1.08619 0.11714 1.75296 0.765522 -0.110068 -0.63444 0.0332849 2.13273 1.78926 
0.269983 -0.577762 0.331391 0.190982 0.915177 0.177569 1.10104 0.272728 0.68751 0.954196 
0.820255 0.362393 0.913842 0.851407 0.330889 0.397795 0.562071 0.342229 0.113907 0.882724 
0.304489 0.315353 0.508069 0.362189 0.35455 0.0228834 0.649065 0.940185 0.0745129 0.498558 
0.7583 0.182141 0.593317 0.567546 0.762368 0.104304 0.955311 0.298853 0.497008 0.954237 
0.656464 0.806531 0.0232767 0.802132 0.254192 0.504306 0.848356 0.756652 0.210228 0.470872 
0.522114 0.597365 0.230495 0.729516 0.691976 0.65178 0.209972 0.61049 0.281845 0.0449939 
0.862821 0.298513 0.0281004 0.175567 0.213146 0.748621 0.559882 0.668596 0.0123338 0.185889 
-0.110806 0.879374 0.225107 0.0969053 -1.13428 1.46655 -0.39223 0.457238 0.665263 -0.487772 
-0.506798 1.45952 0.389245 -0.0454504 -1.77435 1.00458 -0.651788 -0.455161 0.52495 -1.30821 
-1.20368 0.228336 0.770974 0.296888 -2.42478 0.347316 -1.38608 -0.218816 0.675351 -0.95993 
-0.328435 0.519749 -0.603081 -0.181438 -2.4801 0.496953 -0.541093 -0.921357 0.309822 -1.01065 
-0.868212 1.63146 0.301377 0.282758 -2.64558 -0.194229 0.999723 -0.739701 -0.122055 -0.641652 
-0.307755 1.1139 0.555989 0.425576 -1.73075 -0.0174345 1.34161 -0.690537 0.257868 -0.757359 
-0.567471 0.505896 2.30906 1.12084 0.212699 -0.703723 1.97787 -1.82744 -0.445308 -1.1743 
-0.706692 0.613217 2.40023 0.947651 0.389645 0.314023 1.13633 -1.60872 1.307 -1.85578 
-0.126534 1.49714 2.03898 0.365487 0.325224 -0.336347 0.644633 -1.88486 1.56975 -0.691906 
1.29295 1.52599 0.899707 0.511815 1.96169 0.923618 0.846718 -1.27209 0.507659 0.189373 
0.79582 1.52838 -0.247925 -0.659691 0.930364 1.26203 0.0755452 -1.28141 -0.523991 2.24821 
0.0372895 1.102 1.10016 -0.0516799 -0.968372 1.55831 -0.922057 -1.03604 0.38441 0.97241 
0.189207 0.987879 -0.0894685 0.848425 0.248202 1.01047 -0.0125147 0.452958 -1.26778 1.55041 
-0.189602 -0.171545 0.708513 0.120544 0.775716 1.60338 -0.472309 0.0923239 -1.15389 0.791767 
0.546858 0.643699 -0.714357 -0.256932 0.112105 0.595651 0.275438 -0.255436 -0.810215 0.275586 
0.132362 0.862931 0.208726 -0.0147527 0.252161 0.726497 -0.305974 -0.744505 -0.476215 0.282539 
0.212142 0.411381 0.566318 -0.546407 -0.675057 0.813696 0.110591 -0.339369 -0.610078 1.03113 
0.00411278 0.543709 -0.207104 0.295327 -0.902337 0.976368 0.000236252 0.112277 -0.000393802 -0.39179 
-0.618812 0.116907 0.0839831 0.892095 -0.150361 0.434812 -0.77764 0.598571 1.88144 -0.342456 
-1.49052 -1.4795 0.846604 2.68269 0.751527 -1.31878 -2.27818 -0.113703 1.53979 -0.599132 
-0.153269 -1.1688 0.182297 2.45345 0.750808 -0.527027 -0.622902 0.298035 1.35992 0.141576 
0.23033 -0.969864 0.37566 0.197168 0.347107 0.541372 0.843628 0.425753 1.20357 0.815758 
0.0639477 -0.0684201 0.41381 0.748706 1.02659 0.583258 0.846421 0.275864 0.307671 0.528838 
0.952745 0.470078 0.432692 0.748863 0.553175 0.097907 0.894162 0.885135 0.744978 0.919148 
0.18471 0.523496 0.929292 0.934294 0.200447 0.240633 0.0472337 0.866394 0.11135 0.636964 
0.64275 0.290214 0.633375 0.957826 0.380975 0.450485 0.461343 0.156667 0.91262 0.218799 
0.274752 1.02576 0.841405 0.436028 0.0466528 0.895214 0.292145 1.17643 0.535108 0.680576 
0.420786 0.612757 0.549565 0.441799 0.326043 1.10852 0.210269 0.977563 -0.0417891 -0.421383 
-0.987476 0.394165 1.7001 -0.502474 -1.18008 1.57295 -0.0163941 0.389076 0.780667 -0.547334 
-0.738629 0.128903 1.28206 0.451763 -1.64845 0.672948 -0.351398 -1.10133 1.22518 -0.0917756 
-1.41052 -0.177361 1.29832 -0.0755099 -1.06138 0.262705 -0.0465952 -1.41549 0.535219 -0.826832 
-1.23917 -0.986133 0.913549 0.168612 -0.290371 0.128936 1.0766 -0.926985 0.313647 -0.952863 
-1.15223 0.339177 1.60006 0.240435 -0.712692 -0.52731 0.269878 -0.902854 -0.691783 -2.36694 
-0.0717645 0.298086 1.48632 0.66621 -0.168578 -0.255355 -0.00827603 -0.881295 -0.0526964 -1.00349 
-0.445707 -0.101374 0.459872 1.05791 0.920481 -0.343613 -0.561722 -1.0587 0.751485 -1.34743 
-0.065486 -0.307033 1.49184 0.554223 0.367004 0.663314 0.506588 -1.11526 1.24169 0.320675 
-0.63543 1.78122 1.3304 -0.00775869 0.847985 -0.286496 0.484138 -1.98109 -0.0689628 0.385104 
1.0831 1.07436 1.09304 -0.806309 1.46256 1.29369 0.28829 -2.15383 0.381883 1.54016 
-0.146489 0.720487 0.160181 -0.357578 0.360569 0.358947 -0.150346 -1.19756 -0.73181 2.68201 
0.238104 0.602354 1.15568 0.398909 0.0899646 0.972391 -0.205104 0.259673 -0.84619 0.831655 
0.572586 1.14413 1.20482 0.236718 0.367902 0.974278 -0.412021 -0.00964251 0.0469398 0.836888 
-0.163911 0.761167 1.6206 0.283514 -0.259241 1.14398 -0.0407351 0.415776 -0.476897 0.627961 
-0.861503 0.763055 0.254718 0.0568099 0.456539 1.02017 -0.661517 -0.287615 -0.955422 1.34017 
-0.713914 0.337105 1.05848 0.0512674 -0.980204 0.861816 0.17416 0.162568 -1.44517 0.680514 
-0.238819 -1.21104 0.110501 -0.352865 0.111821 0.835806 -0.999808 -0.31423 -0.38263 0.0167301 
-0.231942 -0.0981707 -0.660035 -0.0139109 0.0512336 -0.0612239 0.270978 0.823134 -1.02096 -0.42871 
-0.615964 -0.46016 1.45255 1.70673 -0.388024 0.0518259 -1.43171 0.54296 -1.158 -1.70559 
-0.943388 -0.747804 0.953285 2.84844 0.667554 -1.15556 -1.25833 1.2284 0.74588 -1.27117 
-0.593807 -0.21598 0.719614 1.96699 1.08405 -0.666656 -1.19299 1.0518 1.35178 -0.389838 
0.073766 -1.0113 0.243049 0.790922 0.518851 -0.167557 0.369439 1.0877 1.20288 0.466125 
0.700768 -0.0944272 0.509698 0.0728978 1.10303 0.825832 0.559897 0.502464 0.579919 0.486531 
0.506311 0.237341 0.957788 0.995186 0.404561 0.972016 0.295579 0.42466 0.447125 0.770353 
0.154047 0.23347 0.224357 0.8408 0.876885 0.676957 0.350024 0.161354 0.578713 0.292782 
0.207261 0.12635 0.0246874 0.681666 0.687146 0.938009 0.21564 0.456052 0.705335 0.562059 
0.680671 0.911243 0.502772 0.903558 0.449172 0.788716 0.536144 0.230631 0.139508 0.683401 
0.123382 0.359154 0.708518 1.07951 -0.0676676 0.486406 0.257555 0.138524 0.342967 0.356184 
-0.663206 -0.182449 1.26711 0.352579 -0.749787 1.20857 0.16109 0.016744 -0.00250388 -0.486068 
-0.959194 -1.60048 1.08132 -0.0137241 -0.478215 0.702657 0.0515991 -0.954075 0.821256 -0.445382 
-0.402776 -0.740395 1.4437 0.29576 -0.281183 -0.259173 -0.758308 -0.922647 -0.716329 -0.620601 
-0.348506 -1.2808 0.870253 -0.126745 -0.22497 -0.643706 0.0191267 -0.345821 0.374078 -0.689063 
-0.63991 -0.645206 1.08863 -0.276524 0.739864 -0.158633 0.350277 0.175382 0.183663 -0.902807 
-0.332034 0.30156 0.18808 -0.12423 0.638349 0.932826 0.412592 -0.222262 1.25153 -0.121155 
0.414063 0.563033 0.569118 0.682263 0.702979 0.454651 -0.0572855 -0.331959 0.432076 -0.232196 
0.185425 0.61336 0.486318 -0.0785043 0.0780156 0.241458 -0.284144 -0.854674 -0.0930148 0.720863 
0.270697 1.2004 1.59024 0.0638853 0.129598 -0.795478 -1.08485 -1.19054 -0.00213503 -0.588417 
0.797249 1.80015 0.798 -0.943599 0.385299 0.165903 -0.0671307 -1.96943 0.211075 1.64383 
-0.156117 0.690383 0.911487 0.0333913 0.0666099 0.0748033 -0.447004 -1.57675 -0.32795 3.14739 
-0.747566 0.7936 0.424155 -0.213718 1.09299 1.89571 1.11459 -0.085122 -0.137725 0.992052 
-0.133358 0.246522 2.48294 0.711708 0.997721 0.965856 -0.384829 -0.819891 0.0105221 1.07247 
-1.01356 0.632114 0.901104 0.571601 0.838175 1.70908 -0.445441 0.974091 -1.39283 0.514746 
-0.182252 0.602774 -0.174625 0.738459 -0.459178 0.371027 -0.0453745 0.480423 -1.20505 1.27572 
-0.330154 0.372807 0.0982418 1.43759 -0.101692 1.33476 0.0593417 0.400798 -1.21725 -0.301702 
0.0172577 -1.10949 -0.436871 1.20422 0.967241 0.0253213 0.678412 0.916924 -1.28425 -0.478087 
0.170252 -0.283778 0.269677 0.74962 0.233884 -0.511909 -0.535301 1.18481 -0.814508 -0.533624 
-0.730016 -0.141202 0.360413 1.54038 -0.190128 0.256585 -0.54186 0.655767 -1.49097 -1.11361 
-0.0506302 1.00945 0.447384 1.68241 0.244842 -0.673489 -0.119462 1.18291 -0.326409 -2.10056 
-0.55691 0.197557 0.426446 1.68857 0.430852 -1.58442 -0.919155 -0.067108 0.71275 -0.717233 
0.0446691 -0.357067 0.14919 0.432802 1.34989 0.146955 0.736881 0.22345 0.777787 1.42438 
1.03531 -0.304072 0.28835 -0.0864669 1.39445 0.787571 1.22092 0.482624 0.155375 0.951084 
0.318764 -0.0191435 0.310824 0.437066 0.367375 0.35076 0.73979 0.896181 0.59825 0.855081 
0.0725037 0.676588 0.714654 0.605194 0.769095 0.726075 0.162315 0.509824 0.269491 0.747483 
0.0641576 0.4885 0.408808 0.196102 0.627707 0.204706 0.618072 0.217229 0.75833 0.825519 
0.461298 1.14815 0.24995 0.318249 0.290405 0.0517354 0.897115 0.440802 0.13976 0.338427 
0.425955 -0.0847591 0.833661 0.385664 0.525301 0.833378 1.2338 0.481783 -0.268514 0.664664 
0.463791 -1.05136 1.08878 0.0609221 0.341462 0.150519 1.18836 0.202625 0.513144 -0.0752937 
-0.162759 -2.48396 0.40973 -0.515851 1.27089 0.951741 1.18226 0.71004 0.00866426 -0.364266 
-1.24668 -2.53159 1.02336 0.058412 0.363508 0.423573 -1.22901 0.563029 0.403458 0.391682 
-1.22003 -2.08133 1.24878 -0.445845 0.0681159 0.155255 -0.907867 0.22222 -0.275987 -0.643706 
-0.168106 -1.88745 0.9678 -0.52286 -0.38743 1.70249 -0.0681731 0.159285 1.15931 0.22381 
-0.431797 -0.774378 2.27537 1.05766 1.01232 0.822643 -1.03931 -1.10722 1.50703 0.605116 
0.794191 0.890547 1.16994 1.91431 1.23388 0.317855 -0.160161 -0.66681 0.826802 -0.288171 
0.586034 0.322663 0.940235 0.071292 0.898733 0.942546 -0.900441 -0.916666 0.0473922 0.62304 
0.776568 0.849834 0.293063 -1.3184 1.18934 0.460146 0.527147 -0.889184 1.00343 0.42593 
0.45429 1.00437 1.97398 -0.00657317 0.640967 -0.0165553 -0.162168 -2.6327 -1.4364 2.40104 
-0.465297 0.541821 1.53875 0.0363444 -0.0868235 -0.0268119 -1.14536 -2.482 -0.780878 2.21018 
-1.11484 0.454502 2.05403 0.667421 0.601011 0.669399 0.321745 -1.55069 0.691469 0.528982 
-0.236957 0.662284 2.05167 -0.0504335 1.14961 1.38332 0.384354 -0.253674 0.279894 1.28289 
-0.839958 0.136714 1.08305 -0.696007 0.0239024 1.47237 0.887217 0.367481 0.00406451 0.643326 
-0.614889 0.334183 0.23705 0.699026 0.197764 0.702789 0.219801 0.0432223 -0.803295 0.121821 
-0.306915 -0.244914 -0.354203 1.1832 0.499969 -0.0228031 0.186427 0.718403 -0.461834 -0.360846 
-0.466199 -0.808007 0.863742 2.13139 0.103979 -0.770196 0.548811 0.822705 -0.396021 -1.39324 
-0.136051 0.0286512 0.844806 0.601966 0.249475 -0.955714 -0.398377 0.876294 -0.962414 -0.449468 
-0.214664 -0.0454032 0.216936 0.311718 -0.394954 -0.213604 -0.837835 1.17154 -0.444565 -1.40567 
0.501997 1.22106 -0.293553 0.476873 0.173423 -1.18431 0.501362 0.447935 -0.27346 -0.885234 
-0.211013 0.0540408 1.3509 1.02069 0.591486 -0.988088 0.144882 0.0164492 0.828149 0.474915 
-0.131466 -0.856551 0.803008 0.814848 1.52994 -0.200995 0.279176 -0.261446 0.76775 1.71142 
0.543964 0.0159902 0.015643 -0.183756 0.744802 -0.0425175 1.173 0.776627 0.619956 1.14721 
0.870556 -0.0833255 0.457051 0.53953 0.918433 0.190871 0.214617 0.285657 0.402945 0.575869 
0.53525 0.756779 0.638899 0.668287 0.102515 0.0773145 0.289286 0.833242 0.395785 0.432046 
0.752482 0.3547 0.360159 0.467225 0.0261995 0.505424 0.854522 0.397039 0.931209 0.282453 
0.845171 0.222846 0.99471 0.0644249 0.407678 -0.00814279 0.864869 0.879424 -0.0892748 0.323136 
1.41932 0.590761 0.110822 0.789988 1.08885 0.304829 0.923342 0.627258 -0.299087 0.379045 
1.18631 -1.02191 1.14048 0.0328651 1.34445 -0.165759 2.41695 -0.601144 0.539455 1.22941 
-0.122155 -1.49862 0.736427 -0.10998 1.24676 0.374983 0.543924 0.501092 0.787263 0.483343 
-0.340739 -1.0656 1.42663 -0.24991 -0.344454 -0.131832 -0.164882 -0.21326 0.584943 0.458369 
-1.09506 -2.83305 1.06605 -0.158259 -0.265183 0.265025 0.0585272 0.279748 0.2482 0.752758 
0.160185 -2.75058 1.92993 0.0754343 0.00173103 2.01903 -0.605553 -0.959764 1.40965 1.71194 
-0.509547 -1.85566 0.985189 0.574009 0.311669 1.5095 -0.566706 0.686384 1.934 1.50005 
-0.240003 -1.52522 0.989213 1.01565 0.368792 1.32369 -1.57528 -0.153322 0.894482 0.598462 
-0.00567106 -0.746647 1.49112 0.804462 -0.0548761 0.959447 -2.13478 -0.567393 1.37253 -0.190698 
-0.174314 0.44059 0.284273 -1.01833 0.0503165 1.09941 -0.514277 -1.00917 1.42154 1.20963 
-0.413602 0.381918 0.472638 -0.619977 -0.0190956 0.176414 -0.425131 -1.14556 -1.22168 2.12847 
-1.33103 0.40184 1.4858 -1.47119 0.0986755 0.191112 -0.596636 -1.22721 -1.38069 2.14397 
-1.35932 0.0281727 2.09314 0.431074 0.587225 1.2108 0.228466 -0.765207 0.21434 -0.419446 
-0.638547 0.284357 1.41873 0.4691 0.657287 0.967453 0.652959 0.341081 -0.00403213 0.102181 
-0.411737 0.609532 1.11948 1.5155 0.365114 0.0764117 0.496893 0.189788 -0.325284 -1.05262 
-0.799037 -0.690347 0.210139 1.54034 1.47487 0.396012 0.169985 0.377015 0.256302 -1.71272 
0.863106 0.41366 -0.14785 0.170339 0.178143 -0.251524 0.663714 0.1324 0.0192545 -0.299788 
-0.777713 -0.0408314 0.451327 0.786433 -0.337944 -0.186799 -0.773 0.721932 0.556228 -1.05372 
-0.108348 0.0185306 0.617974 0.657157 -0.865889 -0.682226 -0.552477 0.347633 -0.0797126 -0.586876 
0.759677 -0.784886 0.0438501 0.587673 0.424544 -1.09034 0.451056 0.938492 0.244504 0.0678179 
0.59828 -0.0294689 0.423981 0.818754 -0.0893174 -0.97475 0.929666 -0.398673 0.160963 0.178983 
0.59935 -1.34096 0.887603 1.01505 1.16124 -1.37269 0.720353 -0.48296 0.984659 0.502139 
0.574521 -2.17914 0.849655 0.586543 2.33812 -0.342709 0.482495 0.39099 0.907239 1.6016 
0.39303 0.117563 0.558748 0.86227 0.871964 0.272593 0.840085 0.614535 1.06886 0.81029 
0.589743 0.281025 0.65075 0.460499 0.894434 0.335145 0.939702 0.47584 0.115699 0.323659 
0.259617 0.117707 0.633675 0.383765 0.975359 0.941693 0.634371 0.889696 0.310787 0.464743 
0.383296 0.0227867 0.928475 0.239283 0.0567888 0.158201 0.377298 0.164242 0.0110705 0.704925 
0.724552 0.637792 0.857338 0.365111 0.172426 0.411867 0.542654 0.110876 0.633833 0.450994 
1.62864 0.986371 0.627617 0.25016 0.35915 0.190212 1.43679 0.333725 -0.157879 0.416834 
1.27887 -0.146634 0.488185 0.217734 1.67918 -1.04195 1.75802 -0.106889 0.000883629 1.05056 
1.00354 -1.69015 1.0841 0.0705812 1.46331 -0.457326 1.0584 -0.39297 0.946623 0.233368 
1.46831 -0.0169877 0.647841 -0.903019 0.6898 -0.18794 1.50767 0.256143 0.388469 0.135288 
1.08934 -1.03319 1.15015 0.288878 0.424296 -0.42375 1.04319 -0.306682 0.857394 -0.0485759 
-0.0514483 -1.61153 1.07085 1.0123 0.138972 0.585482 -0.0614528 -0.224127 0.756084 0.531415 
-0.767053 -2.90262 1.3867 0.489626 -0.706299 1.88512 -1.16008 -0.620251 1.02704 2.24863 
-1.27727 -3.36803 0.900866 0.757487 -0.90692 2.42624 -0.490783 0.152274 1.93919 2.54572 
-0.761858 -1.52623 1.21085 0.546408 0.0711207 1.8723 -0.810822 0.833423 0.575794 2.2022 
-1.25254 -1.66335 1.96461 1.58692 0.210049 1.01761 -1.41098 -1.34805 1.03507 2.74267 
-0.977414 0.385815 1.33623 -0.200173 -0.477502 0.750102 -1.51049 -0.612637 -0.590034 1.95636 
-0.378672 -0.65912 0.452214 -0.955575 0.379417 -0.02332 0.427058 -0.447382 -0.704928 1.17897 
-0.288342 -0.454857 0.655428 0.478128 1.04199 1.06651 0.0563985 -0.906913 0.0789946 0.195695 
-0.196416 -0.788372 1.63022 1.94149 0.714159 -0.0359736 1.40784 -0.797616 0.327159 -0.0478743 
0.853699 -0.437005 -0.260241 0.691112 0.447075 -0.161559 -0.199002 -0.215611 0.640811 -0.417035 
0.57981 -1.34564 -0.190488 1.53485 0.422691 0.352571 -0.186776 0.481203 1.00697 -0.157183 
0.305369 -0.668778 -0.344671 0.457424 1.29084 -1.31524 0.263755 0.518723 -0.204069 -0.752965 
0.000153278 0.310657 0.719777 0.017025 0.138443 -0.422936 -0.0408681 -1.23866 -0.463663 0.121608 
0.76151 -0.0206465 0.247951 -0.424558 -0.390976 -0.678737 0.321487 0.106416 -0.306946 -0.0594619 
0.84457 -0.882057 -0.360711 -0.540201 0.619575 -0.839947 1.63644 0.384831 -0.12142 0.593923 
0.909468 -1.18384 0.615771 -0.117609 0.534642 -1.29112 1.01852 -0.47168 0.599435 0.244921 
0.415244 -0.968178 0.797448 0.57772 1.60874 -0.687601 0.787754 -0.923409 0.781088 0.910442 
-0.0681201 -0.918297 0.25168 0.528656 1.31669 -0.309385 1.19504 0.375757 1.1235 1.61725 
0.832321 0.706262 0.880282 0.71183 0.402679 0.947265 0.719948 0.758265 0.401741 0.67338 
-0.00560445 0.357987 0.880523 0.0799693 0.170779 0.439361 0.438408 0.921871 0.987349 0.583616 
0.155511 0.968048 0.279485 0.446742 0.103044 0.782552 0.921332 0.0926971 0.953509 0.33182 
0.564103 0.557048 0.710194 0.651326 0.307525 0.353312 0.76255 0.560149 0.869624 0.502596 
0.339542 0.787092 0.406047 0.221455 0.737064 0.865631 0.806996 0.811901 0.454519 0.109032 
1.42744 0.940776 0.801241 -0.119901 0.872946 -0.4305 0.938465 -0.100325 -0.596657 1.09765 
1.78261 0.259183 0.329898 0.143077 1.59692 -0.946259 1.17624 0.0291711 -0.18083 0.866483 
1.97197 -0.177134 0.325499 -0.0511757 0.698564 0.235917 0.506977 -0.0908284 0.236008 -1.17327 
2.00331 0.375492 0.609004 -0.643394 0.330881 -0.430988 0.458286 0.00478545 1.50241 -1.7666 
2.0152 -0.485359 0.680847 -0.47376 0.634766 -0.962839 1.68185 -0.107018 0.592348 0.294366 
1.56844 0.043084 0.312247 -0.298222 0.367087 -0.0245888 0.893233 0.353433 0.561639 -0.188871 
0.940121 -0.600711 0.361227 0.589489 0.307547 -0.466588 1.25087 0.00735989 0.571445 1.91203 
1.1605 -0.953778 0.860806 1.53514 0.235408 0.183798 0.363578 -0.202308 0.220359 1.72224 
-0.837027 -2.53732 0.977821 1.89868 -0.279822 0.21382 -0.0531818 -0.286872 0.441635 0.755102 
-0.604592 -2.44308 1.21716 2.41109 0.219547 0.161347 -0.0824108 0.68537 1.17117 0.639262 
0.0588943 -0.721782 0.0290802 0.5833 -0.40381 -0.676231 0.169588 -0.36695 -0.258374 0.962919 
-0.580281 -0.472606 0.259185 0.198332 0.84797 -0.0621173 -0.684676 -1.0303 -1.18494 -0.314354 
0.897317 0.303679 0.581604 0.38373 0.546294 -0.489487 -1.18584 -1.7961 0.0844425 0.0649777 
0.509097 -0.349424 0.904885 0.372376 0.59625 -0.537341 0.296763 -0.848225 0.790214 -0.11527 
0.48814 -0.509032 -0.136749 1.2301 0.275589 -0.305512 0.876356 -0.574572 0.227471 -0.174716 
1.27822 -0.59678 0.227149 1.3944 0.0556058 0.187166 1.67268 -0.203768 0.351384 -0.312562 
-0.075362 -0.0658232 0.291314 0.354983 0.254124 -0.275008 0.323461 -0.488601 -0.176949 0.358439 
0.214431 -0.686255 -0.221311 0.501833 0.738695 -0.746694 0.532725 0.136262 -0.796548 1.29683 
0.87656 -0.728884 0.0406253 -0.870626 0.0755632 0.197255 0.0981197 -0.423832 0.00842833 0.487791 
1.12943 0.18692 -1.10309 -1.54292 0.42323 -0.681358 0.673647 -0.287926 0.901116 0.472626 
1.09348 -0.440593 0.183582 -0.166427 -0.00153064 -0.814059 0.375249 -0.723198 1.01251 0.39406 
1.02892 -0.405849 0.559304 -0.0216956 0.792682 -0.559856 0.971495 -0.893642 1.28249 0.773157 
0.688601 -0.278279 0.479012 0.0165975 1.68287 0.131727 0.639235 0.608101 0.200589 1.64195 
0.900672 0.464193 0.875965 0.0459737 1.10023 0.806129 0.722311 0.729495 0.224579 0.752781 
0.624582 0.695035 0.989718 -0.073443 0.716657 0.826175 0.0615763 0.628374 0.367251 0.300501 
0.499939 0.533975 0.717188 0.924988 0.691555 0.736676 0.51977 0.0523813 0.400723 0.244278 
0.392532 0.548473 0.187863 0.499297 0.0117315 0.480568 0.607982 0.556524 0.987763 0.554325 
0.291438 0.384017 -0.0384152 0.406245 0.267633 -0.00614985 0.220352 0.541681 0.42276 0.310545 
0.70643 0.519481 0.144214 0.561221 0.704043 0.234602 1.45697 0.275067 -0.878129 1.43225 
0.659932 -0.0122499 0.0522768 0.568506 1.61112 -1.02359 1.79671 -0.0786747 -0.219555 1.28775 
1.35487 -0.558667 -0.49852 0.417269 0.978593 -1.53955 1.16524 0.0344592 1.39522 -0.835756 
1.57805 0.113289 0.427919 -0.233561 0.867254 -0.552087 0.336548 -0.644227 1.17914 -0.981369 
1.46702 -1.51118 -0.506398 -0.728578 0.42401 -0.971118 0.0507235 -0.689924 1.35133 0.463919 
1.61863 0.566974 -0.550451 0.256932 0.325584 -0.736724 0.0338183 -0.123287 1.63156 -0.85749 
2.03215 0.437026 0.22496 0.866979 0.448027 -1.89932 1.04124 -0.586983 0.22538 -0.97886 
1.47614 1.16389 -0.598728 0.656499 -0.495599 -1.56057 0.91805 -0.298528 0.420979 -0.338207 
0.518362 -0.112431 0.158267 0.64911 -0.631551 -2.18352 0.918649 -0.527573 -0.218715 -0.908895 
0.174678 -0.80341 -0.634157 2.3594 -0.696602 -2.17193 0.189032 0.738684 1.40054 -0.892714 
-0.0260906 -0.242994 -1.15756 0.659195 -1.26558 -1.8567 -0.76364 1.07722 0.835531 -1.07226 
0.496863 -0.522885 -0.276566 1.04201 -0.575917 -0.854234 -0.474822 0.564598 -0.501943 0.518391 
0.345788 -0.292083 -0.0711192 -0.248877 -0.132531 -1.23998 -0.0556837 -0.746915 0.625011 0.256511 
0.205835 -0.437463 0.419252 -0.65864 0.300873 -1.56718 -0.391489 -0.862702 -0.652209 -0.755322 
0.402871 0.458949 0.405685 -0.777966 -0.682473 -0.044334 0.367376 -0.698357 0.677071 0.287991 
1.52096 -0.182303 0.623985 0.267151 0.0486942 -0.687198 0.858443 -0.502408 0.639735 0.35362 
1.38159 0.16042 -0.741231 -0.0163292 0.324149 0.0829593 -0.421486 0.152636 1.26035 0.631124 
1.41276 -0.957752 -0.561006 1.06412 0.917622 -0.247792 0.291781 0.392903 -0.135695 0.411494 
1.42699 -0.532779 0.165866 -1.21046 0.210236 -0.465414 0.701052 -0.124075 1.59649 0.173977 
1.57247 0.450285 -0.675963 -1.70051 0.659306 -0.756114 0.793892 -0.473467 2.06076 0.406066 
0.521731 -0.858936 0.213211 -0.1124 1.19821 -0.423516 0.554191 -0.274015 1.82653 0.603304 
1.16835 -1.70326 1.00919 0.376032 1.00465 0.350279 0.399316 -0.151869 1.39079 0.990006 
0.549762 -0.206817 0.427492 0.25885 0.336621 0.879086 0.0568954 0.735621 0.510873 1.04189 
0.917888 0.654006 0.63301 0.861574 0.298484 0.155551 0.881017 0.960464 0.802681 0.261714 
0.27731 0.0517516 0.453284 0.353323 0.0122386 0.409691 0.226664 0.86118 0.869548 0.0896249 
0.250785 0.127208 0.463162 0.937476 0.432339 0.599555 0.424708 0.622278 0.553559 0.0540252 
0.585344 0.784668 0.961226 0.125119 0.397501 0.0927551 0.550869 0.10206 0.929586 0.520615 
0.156637 0.47438 0.0810481 0.44784 0.418358 0.149551 1.10458 0.437445 0.546886 0.782278 
0.73548 0.54018 0.254424 0.301036 0.713804 -0.511727 1.46267 0.0186222 0.206452 0.75673 
1.261 0.509962 0.30029 0.816393 1.60241 -0.911873 1.34072 -0.11976 0.102879 0.877948 
1.02944 -0.111968 -0.472246 0.435072 0.943805 -0.890011 0.602774 -0.256399 0.65341 0.229038 
0.875448 0.377881 -0.973343 -0.0897212 -0.0304931 -0.00720715 1.03522 -0.204504 -0.279908 0.230987 
1.04876 -0.0634931 -0.755538 -0.355194 0.821497 -0.425348 0.737066 -0.203789 -0.198546 1.45153 
1.24167 0.0135635 -0.317873 -0.36486 -0.104604 -1.02606 -0.163943 -0.302561 -0.44839 0.127141 
0.494769 -0.948327 -0.906868 1.18824 0.317148 -0.424802 -0.324579 0.013106 0.732028 0.377543 
-0.0296228 -0.356164 -0.554927 0.620677 -0.562188 -0.809863 -0.464701 -0.431145 0.45795 -0.0553689 
-0.800223 -0.76982 -0.722876 0.605097 0.313236 -1.61172 -0.506267 -0.423152 0.573929 -0.830875 
0.05037 -0.219645 -0.256715 0.764915 0.755245 -1.15798 -0.399717 0.00353113 -0.284012 -0.51811 
0.273632 -0.286333 -0.309956 1.08383 -1.02187 -1.47878 0.0229518 -0.155758 0.571779 -0.660378 
-0.319021 0.290158 -1.13238 1.27578 -1.10086 -1.11837 0.0382841 0.108412 0.272242 -0.344894 
0.661497 -0.014132 -0.936401 0.813443 -0.962302 -0.960108 -0.288773 -0.0616527 -0.449163 -0.203186 
0.40347 0.504841 -0.7334 0.441451 -0.347168 -0.132768 -0.144596 -0.326033 -0.779836 0.380141 
0.394898 -0.0502016 0.940052 1.06602 -0.103426 -2.2486 -0.409385 -0.741406 -0.25608 -0.0585093 
0.384484 -0.992714 1.01614 0.151419 0.0364236 -0.302602 0.244227 -0.199155 0.170016 0.799753 
0.673759 -1.5935 0.89067 -0.0387101 0.784846 -0.385925 0.131152 -0.217002 1.22912 0.623943 
1.45556 -0.439227 -0.12146 -0.478237 0.426374 0.485945 0.873761 -0.388333 1.07619 -0.167032 
1.13931 -0.490981 0.545716 -0.967876 0.948801 -0.000985819 0.318374 -0.623337 0.9575 -0.459076 
1.60341 -0.350111 0.989619 -0.59754 0.756425 -0.119774 0.0450211 -0.356861 1.66924 -0.464996 
0.287169 -0.933539 0.714816 0.306688 1.39541 0.0894737 0.52103 -0.364345 1.29916 0.212717 
0.281844 -0.997797 0.520381 0.248802 1.23366 0.564036 0.800352 0.51583 0.42993 0.603426 
0.509424 -0.464409 0.440649 0.802879 0.977436 0.839426 0.678768 0.828557 0.530432 0.57717 
0.222668 0.912997 0.39015 0.556026 0.0580408 0.034583 0.877573 0.869899 0.28597 0.691526 
0.260278 0.420873 0.489194 0.539538 0.380573 0.106486 0.0135034 0.0304154 0.264416 0.703897 
0.4766 0.847537 0.290088 0.940166 0.62264 0.473695 0.33815 0.660114 0.945076 0.847681 
0.843764 0.308045 0.360219 0.956703 0.137817 0.519379 0.576982 0.354509 0.0056322 0.0836541 
0.480896 0.228017 0.811477 0.0777145 0.97839 0.450502 0.454618 0.39782 -0.0483728 0.236018 
0.49187 0.954786 -0.0161028 0.886695 1.11764 -0.44008 1.19829 0.358138 0.466279 0.774546 
0.804799 1.26177 0.493959 0.494266 0.71598 -0.729115 0.431184 -0.025552 -0.0738409 0.812015 
0.587726 0.441661 0.0784317 0.337213 0.887657 -1.71536 -0.289334 0.268271 -1.02294 1.17923 
0.128 -0.415354 -0.426448 -0.22397 -0.394692 -0.763221 0.179604 0.407783 0.0372118 0.973892 
-0.243375 -0.231895 -0.993519 -0.571577 0.212829 -0.598152 -0.00820196 0.435197 0.249671 0.0917314 
-0.369255 0.618496 -0.895786 -0.532084 0.285457 -0.5133 -0.250201 -0.0282491 -0.271509 -0.115922 
-0.235511 -0.190365 -1.62687 -0.311261 0.163707 -0.777985 0.289334 -0.417096 -0.614563 0.394194 
-0.0717855 0.0900666 -0.939484 0.281548 -0.338675 -0.195832 0.0399353 0.115176 0.28228 0.202854 
-0.00341837 -0.356878 -0.652749 0.129412 -0.0319372 -0.167085 0.413508 -0.997776 0.849742 -0.599997 
0.371596 -0.0318045 0.0668152 1.12848 -0.0489114 -0.610059 0.348625 -0.320232 1.09585 -1.04754 
-0.0118989 -1.42813 -0.258516 0.869532 -0.690015 -0.136832 0.508679 0.703236 1.40881 -0.690142 
-0.372134 -0.0626356 -1.30797 0.22878 -0.540426 -0.0624694 0.99917 1.25924 0.808358 0.0076007 
-0.451565 -0.079965 0.082291 1.84338 -0.249027 -0.422094 -0.246916 0.558376 -0.368459 -0.242126 
0.471948 0.759058 -0.933076 0.703983 -0.233083 -1.18005 0.0391411 -0.302238 -0.80641 0.386208 
-0.0500237 0.714641 -0.570018 -0.110979 -0.455155 -1.33052 0.747704 -0.174405 -1.04809 0.379621 
0.124595 -0.300736 0.750313 -1.30319 -0.347658 -0.732907 0.255578 -0.401391 0.0377157 0.186972 
0.194115 -0.0832682 1.76784 -0.438828 0.446477 -0.324863 0.373113 -0.448302 -0.54324 -0.377728 
0.845117 -1.37182 1.50728 -0.829487 0.686333 -0.14064 0.223288 -1.14106 0.750912 -0.0980892 
0.332026 -1.46827 1.70919 -0.14176 0.794684 -0.527377 -0.0358319 -0.937931 1.65873 -0.667778 
1.13917 -0.630233 1.07357 -0.875175 1.36132 -0.225019 0.503906 0.0512553 0.975667 -0.370623 
0.376938 -0.5017 0.527458 -0.35366 1.13614 0.378156 0.670113 0.00661853 1.11558 0.17221 
0.671199 -0.445999 0.601584 0.0127659 0.193205 0.490803 0.444491 1.09298 0.927155 0.888719 
0.934566 0.510802 0.819174 0.363178 0.639061 0.134703 0.735089 0.84498 0.390364 0.497169 
0.503837 0.335332 0.799485 0.422833 -0.024597 0.69 0.667997 0.5007 0.12819 0.549615 
0.0681775 0.79647 0.185527 0.338479 0.254915 0.868125 0.974214 0.201378 0.204957 0.651507 
0.918451 0.907404 0.261315 0.648261 0.412894 0.0294242 0.886628 0.376389 0.672347 0.139078 
0.230972 0.31041 0.0116725 0.576858 0.921361 0.121769 0.254409 0.849522 0.000878569 0.490455 
0.504262 0.182138 0.399606 0.26841 0.404002 0.160321 1.01231 0.239087 0.544119 0.534688 
0.581107 0.888347 0.397289 0.655667 0.45239 -0.159984 1.15432 0.517659 0.339058 0.724725 
0.946351 1.00363 -0.128304 0.287307 0.770533 0.0253785 0.650013 0.616008 -0.879932 0.324743 
0.968814 0.942705 -0.331368 -0.149521 0.864694 -0.591304 0.302982 0.537656 -0.719286 1.20308 
0.290079 0.0261534 0.0904053 0.159016 0.0108334 -0.464429 -0.139468 0.402089 -1.33187 0.636258 
-0.150582 -0.773962 -0.687538 -0.015794 0.844119 -0.249519 0.4344 1.27524 -0.781959 0.88018 
0.0180728 -0.078726 -0.755666 -0.643962 -0.412742 0.13985 -0.484344 -0.0299702 0.387118 0.110069 
0.373835 0.439641 -1.25105 0.18219 -0.255483 -0.868532 0.846176 -0.592333 -0.528645 0.236673 
-0.00504936 -0.403976 -1.85539 -0.21899 -0.243861 -0.105213 0.604822 1.10627 0.629634 -1.4545 
1.04019 -0.0363488 -1.38331 0.0156553 -0.265857 -0.0643251 1.1642 0.741535 0.433978 -0.850696 
0.992395 0.00279473 -0.856357 -0.152071 -0.888519 -0.157696 0.382018 0.363614 -0.190338 -0.128051 
1.18006 0.0448897 -0.355812 -0.503578 -0.209496 -0.135888 0.648446 0.090565 0.931733 0.831296 
0.694865 0.400881 -0.753761 -0.0983241 -0.42532 -0.130945 0.708809 -0.244437 1.68363 -0.0342677 
0.989628 0.476006 -0.218901 0.330969 -0.280562 -0.995784 0.762794 0.0727465 1.19192 0.235625 
0.163334 0.557905 -0.92446 -0.529109 -1.35721 -0.517655 0.00934596 0.216847 0.304217 0.391467 
0.464512 1.72278 -0.790832 -1.30259 -1.22144 -0.951417 0.69336 0.128623 -0.273756 0.0375369 
-0.246453 0.453441 -0.0878176 -0.72105 0.199104 -0.65753 0.918616 0.278832 -0.553316 0.513773 
0.0167561 -0.388241 1.24283 -0.460375 0.832249 -0.912752 0.186282 -1.02532 1.0557 0.492201 
0.550862 -1.03291 1.61451 -0.117302 0.649436 -0.375562 -0.238202 -0.576709 1.68845 0.394074 
-0.261674 -0.841665 1.49523 -0.655427 0.713912 0.227937 0.418366 -0.600308 1.881 -0.57222 
0.566764 -1.0665 0.625866 -0.177281 0.721389 0.459544 -0.217082 -0.280241 0.517798 0.159661 
0.365131 0.0138137 -0.045569 -0.461353 0.474617 1.10308 -0.127181 0.0452837 0.915699 0.0562829 
0.331962 -0.227673 0.175246 0.546946 1.0036 0.575169 0.197104 0.347308 0.720228 0.62888 
0.296447 0.267091 0.197661 0.866737 0.24404 0.0848322 -0.0351023 0.920793 1.00426 0.556241 
0.801318 0.678587 1.00154 0.0548658 0.137799 0.913163 0.299794 0.0777354 0.780359 1.04549 
0.82144 0.276979 0.849107 0.0108877 0.303513 0.345546 0.199157 0.981379 0.263188 0.0582131 
0.671328 0.580249 0.880643 0.575538 0.177168 0.390812 0.960989 0.315899 0.4591 0.693645 
0.631466 0.490693 0.606234 0.552735 0.209828 0.120281 0.131845 0.204925 0.155897 0.810353 
0.76992 0.297571 0.496641 0.0532088 0.653087 0.96769 0.697923 0.457537 0.00504579 0.349433 
0.50973 0.595269 0.0883308 0.555751 0.884568 0.195484 0.55743 0.419794 0.191559 0.760072 
1.15652 1.13345 0.501162 0.38928 0.541039 0.0885136 0.761252 0.522444 -0.25242 0.0864168 
-0.454502 1.32638 0.0949112 0.124746 0.282574 0.819293 -0.0730734 1.31968 -0.935781 -0.222135 
0.924208 0.921618 0.329199 0.326874 0.716146 0.882473 0.165057 0.727984 -1.20247 0.255492 
1.14805 0.351668 -0.47893 -0.0752992 1.2294 0.381183 1.2251 0.913571 -1.75936 0.455931 
1.34538 0.288873 -0.532396 0.104909 0.498321 0.253327 0.597281 0.29236 -0.629772 0.00287141 
1.98758 0.804906 -0.101487 -0.0386734 0.0716503 0.0825239 0.397621 -0.174029 0.733766 -0.65029 
0.904577 0.849135 0.266052 0.330076 0.10424 0.0518302 -0.115893 0.781827 -0.805231 -0.489875 
1.09954 0.18956 0.104872 0.53728 -0.31058 -0.337971 0.143862 0.363544 0.644901 0.548753 
0.858802 -1.09678 -0.154714 0.974128 -0.262056 -0.861159 0.724055 1.06691 0.776437 -0.645298 
0.866427 0.245375 0.70838 0.136003 0.0934682 -0.27556 0.693203 0.316407 0.714438 -0.406102 
0.506773 -0.436584 1.06554 0.0406765 0.184804 -0.567472 0.839523 0.0423752 1.27698 -0.00959879 
0.122517 -0.892739 0.47903 0.172221 0.580261 -0.577445 0.291045 0.750687 1.29461 0.167259 
0.814121 -0.0715929 0.654499 -0.20103 -0.0226575 -0.434298 1.07851 -0.420077 2.01656 0.371923 
0.950559 0.502771 -0.554376 -0.449889 0.524217 -0.923488 0.592766 0.252503 0.699118 0.0189748 
0.883657 0.510202 0.182209 -0.61631 0.335798 -0.505682 0.104214 -0.142729 1.42689 0.387678 
-0.418909 0.856691 1.02805 0.166247 0.32196 0.242372 0.204676 -0.236082 1.67409 0.920714 
0.0401699 0.388476 0.513908 -1.18623 0.101796 1.74968 -0.00384674 0.459948 1.70643 0.25125 
-0.0050132 -0.0305193 0.440285 -0.800151 0.736809 1.53508 0.126858 0.523565 1.32438 0.675081 
0.443322 -0.181467 0.162315 -0.458364 1.06541 0.756113 0.605468 0.688305 1.02626 0.27963 
0.990046 0.112397 0.582295 -0.186509 -0.0126534 1.36501 0.810698 0.14606 0.484326 0.322568 
0.421667 0.383534 0.368776 0.20256 0.527134 0.299736 0.355978 1.14676 1.11019 0.725443 
0.236559 0.180816 0.327448 0.875547 0.471011 0.971021 0.126222 0.466061 0.819882 1.01154 
0.104807 0.413844 0.0607155 0.558996 0.714119 0.135459 0.301498 0.573543 0.739554 0.159684 
0.0224837 0.955731 0.431845 0.0120388 0.23676 0.185775 0.412185 0.184205 0.998577 0.208017 
0.994221 0.774781 0.371195 0.205323 0.00934716 0.647109 0.17906 0.961937 0.834777 0.980743 
0.462977 0.118151 0.75784 0.788132 0.0516403 0.086408 0.350345 0.430389 0.145685 0.917493 
0.996429 0.651741 0.330087 0.894714 0.228055 0.179005 0.916805 0.135517 0.0519372 0.396947 
0.00229383 1.00658 0.897347 0.181645 0.243648 0.493408 0.308262 0.253169 0.519201 0.714774 
0.0248815 0.376248 0.7411 0.166832 0.391242 0.123888 0.190156 0.573262 0.391174 0.125805 
0.639417 -0.0567684 0.678069 0.221113 0.210249 1.39929 0.502303 1.25226 -0.130878 -0.0123499 
-0.205713 0.687509 0.34275 0.389966 0.424799 1.6857 0.648799 1.15858 -0.183974 -0.0584694 
-0.368279 0.693281 0.0638747 0.51381 0.462965 1.49862 0.481434 1.3753 -0.58468 0.374085 
0.98321 0.55072 -0.702263 -0.214337 0.479518 1.199 0.78767 1.54177 -0.122701 -0.485177 
0.682905 1.65496 -0.168141 0.0719598 0.401582 0.384623 1.35753 1.64294 -0.75269 0.186557 
1.93197 1.67899 0.00692899 0.479603 1.21389 0.100919 1.00012 0.428467 -0.576789 -0.428238 
0.899423 1.22371 -0.953022 -0.373176 0.915396 1.04725 0.720022 1.76184 -0.862483 0.334065 
1.35152 0.958962 -0.746867 -0.807004 0.691562 0.450589 0.907879 1.89199 -0.646337 0.161793 
0.979834 0.678981 -0.575859 -1.20148 0.92162 0.852647 0.294592 0.941658 -0.638101 -0.104803 
0.783665 0.960102 -0.624738 -1.53768 0.867587 0.979329 -0.521587 1.29112 -0.29801 0.690068 
1.34587 1.07243 0.145131 -0.0903312 -0.0793941 0.735233 -0.074217 1.6522 0.796668 -0.332751 
0.757144 1.56189 -0.593843 -0.978441 0.399745 1.84863 0.536559 1.19144 1.02686 -0.686201 
1.17085 1.56283 -0.689528 -1.04876 -0.179981 1.4091 0.727407 1.04051 1.37017 -0.285671 
0.446876 1.54333 -0.598068 -1.03389 0.0725699 1.51227 0.495924 1.25003 1.16506 0.0963601 
0.315667 1.27275 0.428428 -0.986321 -0.366747 1.66604 0.0613786 1.11748 1.50748 -0.185698 
0.126394 1.07595 0.0523202 -0.258717 -0.131774 1.98583 0.146753 1.10926 0.783229 0.515814 
-0.380629 1.09557 0.398046 0.0711319 0.129518 1.43187 -0.299923 1.31272 0.936385 0.886692 
0.678763 1.15883 0.825236 -0.157198 0.334074 0.448045 0.320678 0.633111 0.663708 -0.251994 
0.73276 0.301405 0.00355856 -0.326424 0.45683 0.868637 0.86518 1.01554 0.151127 0.443197 
1.19768 0.186276 -0.548338 0.226054 1.15623 0.79305 0.802359 0.732062 0.909413 0.961491 
0.982841 0.662146 0.36249 0.270102 0.508412 0.450225 0.674204 0.672442 0.412491 0.950333 
0.668934 0.0494067 0.417159 0.956313 0.33227 0.206955 0.244093 0.476964 0.248695 0.772205 
0.385583 0.399472 0.0869248 0.314612 0.834831 0.94919 0.225113 0.101381 0.177334 0.893026 
0.240709 0.234047 0.0778202 0.782266 0.344199 0.989766 0.478383 0.967364 0.446061 0.243509 
0.443394 0.694597 0.0035043 0.544193 0.0508482 0.0457755 0.312546 0.87554 0.243654 0.0214585 
0.390759 0.625565 0.0352434 0.538041 0.113106 0.804678 0.991343 0.618299 0.756305 0.0339502 
0.374992 0.567847 0.612378 0.348289 0.889157 0.401524 0.805401 0.327253 0.375112 0.30411 
0.00482 0.60849 0.460376 0.436478 0.236793 0.343387 0.352198 0.969723 0.0449438 0.0827718 
0.233905 0.0324588 0.257639 0.837229 0.520495 0.577578 0.399209 0.608834 0.451739 0.416623 
0.77207 0.106368 0.619289 0.282449 0.249085 0.585345 0.154967 0.0671515 0.359369 0.0672968 
0.656069 0.140687 0.640471 0.294788 0.806541 0.613297 1.13214 1.02483 0.129441 0.00583122 
0.734999 0.618584 -0.0869241 0.377896 0.72084 0.511211 0.696225 1.27058 0.117396 -0.130908 
0.785522 0.474552 -0.39031 -0.022638 0.671388 1.2676 0.9117 1.09818 0.3822 0.136736 
0.895839 0.430563 -0.673473 -0.0538986 0.238734 0.650134 0.81272 0.813679 0.294596 0.516015 
1.48724 1.1381 -0.670305 -0.666728 0.98129 0.993504 1.19164 1.37853 0.15625 0.187389 
0.824312 0.54815 -0.624152 -0.559287 0.727423 1.02417 0.927743 0.720057 0.216609 0.173661 
1.17478 0.917672 -0.436374 -0.492563 0.261204 1.23567 0.742381 1.36148 0.761986 -0.276826 
0.938202 0.967612 -1.17842 -1.06686 0.479056 2.54641 1.29575 2.27819 0.346077 0.413059 
0.718493 0.403831 -1.23096 -0.794547 1.09264 1.6017 0.931448 2.28691 0.481481 -0.169754 
0.219336 0.485924 -0.958644 0.0836695 0.733431 1.63418 1.00654 1.7733 0.801243 0.505431 
0.485189 0.724254 -0.561981 0.00527346 0.638551 1.46639 0.160668 1.20054 0.638205 0.402293 
1.03126 1.10378 -0.461808 -0.354129 0.354164 1.96929 0.934818 1.79607 0.973403 0.570166 
0.344214 0.444034 -0.0730403 -0.18739 0.840234 0.939203 0.218905 1.55836 0.544618 0.680106 
0.837313 1.0796 0.0663105 0.405496 0.0826602 1.17214 0.506187 1.29334 0.193875 0.339434 
-0.0131147 0.554665 0.215065 0.017544 0.505708 1.43403 0.641179 0.994724 0.305633 0.289422 
0.679368 0.266863 0.735623 0.269519 0.836479 0.718561 0.0702567 0.628534 0.135966 0.613527 
0.625332 0.896827 0.279188 0.741767 0.512001 0.836128 0.634477 0.789659 0.528513 0.354743 
0.26586 0.379383 0.778281 0.397339 0.555135 0.548042 0.0303332 0.990139 0.786487 0.500308 
0.317836 0.723986 0.852793 0.486268 0.843337 0.55773 0.880087 0.539647 0.117261 0.923548 
0.768603 0.301716 0.414092 0.672889 0.42109 0.17039 0.730893 0.750151 0.702172 0.974675 
0.808808 0.756035 0.853654 0.358473 0.1005 0.654812 0.502733 0.383169 0.110247 0.394788 
0.922458 0.360621 0.992479 0.729108 0.704086 0.474329 0.829987 0.0107929 0.489437 0.201901 
0.487978 0.24869 0.923961 0.0747262 0.459786 0.20905 0.491289 0.808048 0.597603 0.830885 
0.378244 0.333167 0.148834 0.75231 0.0250669 0.757306 0.994423 0.21755 0.530071 0.789762 
0.501637 0.153805 0.548746 0.65975 0.885983 0.689355 0.856069 0.0634709 0.508339 0.905956 
0.218838 0.160922 0.993577 0.0973021 0.743226 0.16925 0.59087 0.322517 0.342383 0.574019 
0.678069 0.526331 0.508281 0.466831 0.780923 0.00823286 0.969753 0.117533 0.140658 0.579991 
0.551912 0.219988 0.0191244 0.982986 0.582118 0.836919 0.867618 0.264045 0.547528 0.772515 
0.637892 0.388959 0.902781 0.0714873 0.015654 0.56923 0.097688 0.416294 0.608058 0.735 
0.195957 0.538143 -0.0137456 0.715011 0.749589 0.665236 1.03585 0.136824 0.11357 0.151291 
0.811521 0.65823 0.0395782 0.841007 0.539662 0.465335 0.337666 0.620315 0.167227 0.493652 
0.843722 0.826319 0.583972 0.454888 0.855377 0.463356 0.526465 0.591031 0.276253 0.183293 
0.68797 0.134293 0.874634 0.707924 0.495444 0.631635 0.532339 0.0658682 0.794102 0.599351 
0.692446 0.716288 0.0330417 0.283006 0.0662587 0.439023 1.01841 0.645604 0.75267 0.505219 
0.366718 0.011686 0.222805 0.681889 0.956815 0.136361 0.455976 0.98048 0.444009 0.348788 
0.502333 0.695357 -0.35986 0.455427 0.757893 1.1859 0.229961 0.230979 0.59825 0.390005 
0.867092 0.596941 0.788484 0.458167 0.137793 1.25631 0.43694 0.348401 -0.224996 0.36558 
0.524076 0.470162 0.550128 0.266552 0.163483 0.723812 0.913121 0.330496 -0.14359 0.951744 
0.500759 0.60987 0.423892 0.590186 0.303368 0.662976 0.331034 0.505138 0.267824 1.00514 
0.728028 0.458272 -0.00199325 0.941819 0.941069 0.653386 0.970526 1.38794 -0.208604 0.65127 
0.831052 0.293315 0.0375188 0.00962983 0.330498 0.512695 0.0711385 1.16851 -0.0112523 0.148995 
0.027407 0.856729 0.0301682 0.454662 0.669604 0.665889 0.00854107 0.688411 0.532173 0.159872 
0.112143 0.926151 0.483587 0.714767 0.24862 0.330328 0.114354 0.630298 0.903124 0.117861 
0.0917417 0.184081 0.556311 0.833109 0.026192 0.0762479 0.197846 0.478575 0.431556 0.853958 
0.934807 0.0125443 0.758492 0.219117 0.663813 0.685144 0.954027 0.483639 0.416178 0.232607 
0.447148 0.0694668 0.727627 0.807125 0.0239964 0.659304 0.4251 0.0160791 0.371365 0.0366656 
0.998225 0.292497 0.225582 0.431622 0.938308 0.117205 0.759483 0.959475 0.491368 0.473279 
0.376709 0.865173 0.055868 0.262455 0.57091 0.569903 0.166737 0.989113 0.00487087 0.0571947 
0.461022 0.482511 0.466684 0.626525 0.538169 0.943426 0.860842 0.551029 0.119025 0.0899332 
-4.68685 5.68258 -0.412435 0.756171 0.773013 -1.9142 -0.707003 0.95742 3.06317 0.0110613 
0.184489 1.73362 -0.0104019 5.50135 -7.48415 -2.3309 -1.88064 2.73116 -0.901257 -0.151291 -4.47346 1.08097 -2.33875 -4.61753 1.39967 
-4.79723 0.363142 -1.6522 -0.254226 1.78234 0.109901 4.06373 -2.52616 -5.11457 -3.41881 3.87977 0.0123001 2.14385 -10.8325 -0.396714 
-1.93084 1.1678 1.07079 -0.011188 -1.60398 8.77672 0.96069 -0.848032 -1.68035 -0.70803 1.88565 -5.44622 -2.77351 -0.217765 -1.22466 
-2.41365 -1.06484 -1.43613 1.25941 -3.78363 3.98707 -5.24258 6.31539 1.79437 2.64235 3.23626 -2.3688 -0.239028 0.448709 -2.24706 
-0.164894 -6.22404 -1.18456 1.25469 -1.9669 -3.24118 -3.47778 4.47717 -2.07583 -3.79831 -6.23907 4.92843 3.63083 1.88051 5.40275 
0.439171 -0.0463893 1.01162 -4.09568 3.91285 -1.38216 6.07047 -5.47942 1.14801 0.318703 -1.61731 1.39392 -3.7572 -0.93737 -5.11258 
1.42374 -5.69528 -1.96607 4.13182 -3.93466 -6.69811 -1.6397 0.00576039 0.757549 -2.36339 -4.20531 7.66885 -0.813504 0.859667 5.53612 
0.53306 -5.78271 -1.07093 -1.4247 2.72994 -4.73738 2.1635 -2.06279 2.03637 0.580032 2.7467 5.9239 3.52879 2.26987 0.128218 
3.50152 5.5658 0.752844 2.81619 -3.26796 -3.37915 2.53205 -0.12379 1.25995 1.71424 4.96548 1.91165 2.53483 3.1486 -6.14698 
-0.135809 1.8381 0.92882 0.125917 0.427206 -2.49597 -4.65446 3.13389 -4.05228 0.0879661 -1.1169 2.40648 -8.84046 2.69188 4.2963 
7.64706 4.95029 -0.0228301 -1.08019 6.93387 5.43351 3.11372 1.125 2.38421 3.45329 -1.61098 -1.14303 5.96834 3.52393 1.35248 
4.87361 -0.114797 4.39026 -0.756357 0.323665 0.850321 1.5808 4.02094 1.20746 -2.01939 
-1.74942 3.6379 -0.495411 -7.77596 0.0789558 -2.93316 0.821206 -7.38586 2.53771 -1.25713 
-1.52252 0.583914 1.11622 0.330913 -0.217753 0.235034 -1.17107 -0.691381 -2.47702 0.953416 
0.598874 -3.02767 -0.357201 0.0664834 -3.20845 3.80823 -1.74893 -9.04112 -1.67438 -4.74897 
-3.48788 -0.590577 -5.79093 -7.25483 0.757009 -5.47506 -2.36983 2.07853 -5.01294 -1.14529 
-2.76035 -5.7104 0.374507 -2.15109 0.381763 -2.31332 0.122396 -1.0656 -3.49106 -9.82631 
-2.77141 -5.38912 -3.72458 -0.848566 0.0362237 1.43362 -7.22083 -3.05675 -3.03362 4.38009 
-3.55765 -2.34048 0.641956 -0.103835 -7.76067 -0.846756 1.37617 -2.75195 -2.94023 -3.04253 
4.44191 0.0492073 -1.62144 -1.85879 1.20453 -4.23384 0.877766 -0.699928 -1.28904 0.180718 
4.18556 -0.336907 -2.47806 0.0773127 -0.408354 -0.397479 1.47589 -2.47202 -2.57876 2.06691 
-1.58146 -3.95307 -7.81034 -2.53834 0.0803305 -1.04988 -0.596453 3.02553 2.23384 -4.5628 
-2.38525 -4.64988 -2.02411 0.694062 -11.4337 -4.67264 -8.59964 0.718938 1.90166 -2.81825 
-0.106788 -3.70445 -1.77117 -2.53834 -3.68451 4.31339 -3.25127 1.44261 -6.92148 -3.85358 
-0.0103182 -2.63884 3.75021 -6.02799 0.218253 -4.61606 -1.00291 -1.75105 -4.8989 1.57084 
-4.50019 4.35821 0.706023 -0.544583 -2.08591 -4.60959 -3.24091 0.478206 -5.74871 -3.57671 
3.37695 6.54818 2.21842 9.10909 7.73534 6.47599 6.43951 4.272 4.7447 7.89651 
